image,NoF,ALB,BET,DOL,LAG,OTHER,SHARK,YFT
img_00005.jpg,0.9870973480210176,0.00631996947099299,0.0007202329481732798,0.001689420053865213,0.0001251737467448748,0.0012325134304079215,0.0015516927070119103,0.0012636496217863528
img_00007.jpg,0.014837502505373835,0.3618639559993826,1.0153463843473336e-05,5.478669147148518e-06,0.0002681231613075592,0.00017054014570579859,0.0002566339703646718,0.6225876120848749
img_00009.jpg,0.0017249347245007311,0.9970303806954719,0.00028666622116088744,2.9691065633465265e-06,3.1441377975416875e-05,0.0006499547971694226,1.5240215894730012e-06,0.0002721290555685702
img_00018.jpg,0.00250463771723518,0.7673257588753475,0.050663961978605454,9.10037042621252e-05,0.00022983757639124345,0.17867780837910827,7.678415197776113e-05,0.00043020761707247043
img_00027.jpg,0.01810058005191846,0.3111271027190058,0.022708908308672292,0.004837504467863976,0.0002546638347892496,0.04144402723838711,0.0024998884490568395,0.5990273249303062
img_00030.jpg,0.620458294771998,0.2909598261636454,0.003806527310443563,0.005201979731473721,0.053321352932444395,0.022891147865438707,0.0005820198928607124,0.002778851331695554
img_00040.jpg,0.01848558541534515,0.03222816306610636,0.0005489141839664602,0.00023874345454652832,1.3289037169629988e-05,0.0058645172533989326,0.9372988056872347,0.005321981902232207
img_00046.jpg,0.9564876196750127,0.030244133961978083,0.001600742243933405,0.0032215051605079246,0.00032228909937288754,0.0029472303277957696,0.000515577218675744,0.004660902312723709
img_00053.jpg,0.026326063515769764,0.9642887249564399,0.0016305814056794615,7.646145037570162e-05,1.0562091554556364e-05,0.007253701883753835,7.083979503082166e-05,0.00034306490139576225
img_00071.jpg,0.006926566495156335,0.0023918992991056147,0.0002144448952278781,2.638009453743807e-05,0.9902974628446902,2.2102336841693375e-05,1.9593407018673636e-06,0.00011918469373888367
img_00075.jpg,0.007352798028515637,0.5604868072578062,0.03990212155335373,0.001885291296656151,0.0008776169072573583,0.3633369402894385,2.020043404445991e-05,0.026138224232927904
img_00102.jpg,0.28738565541646005,0.3346715936506758,0.002586072927994688,0.0010492654967377416,0.0008043432813977859,0.010761923921580178,0.00624556541239619,0.3564955798927576
img_00103.jpg,0.02905550493454509,0.49776590991725134,0.027488564673752137,0.40732976682554484,0.001353753529366138,0.025178516374421762,7.817885474735876e-05,0.011749804890371217
img_00109.jpg,0.0035451820206725544,0.9811711305099556,0.001463416957918853,2.1088458240816808e-05,1.4538232205085359e-05,0.009773163416988733,0.0002724816614237114,0.003738998742594889
img_00119.jpg,0.9981195545996041,0.0012808041925927943,0.00018557053461879788,6.507783843902922e-05,2.0434133419794115e-05,3.679467961293383e-05,7.376438370137647e-05,0.00021799963801111602
img_00120.jpg,0.0022283775214412297,0.9796474835247098,0.0010809478750467393,2.908072541135493e-06,2.205746150570056e-05,4.479679113070926e-05,0.00010186950512654843,0.01687155924849805
img_00125.jpg,0.006943785791473559,0.9700424801416782,0.0030443428164070685,2.9794755499020945e-05,1.5218255284593087e-05,0.008897014847725976,4.253110241920897e-05,0.01098483228951233
img_00128.jpg,0.1917713515410005,0.028648317772522247,0.2026605732363756,0.24928754776184456,0.0001450441947474021,0.020968873040784642,0.0005584853318721175,0.30595980712085286
img_00129.jpg,0.13805908596592167,0.037047997221176236,0.000249776540689255,0.00047274986575980663,1.9516966888061414e-05,0.008424555236050454,0.8116854039731688,0.0040409142303455435
img_00133.jpg,0.7552452690386204,0.22320124014458007,0.0012706185751321158,0.0061564982235280665,0.002895131028421277,0.010076446894093167,0.00012874649061197303,0.0010260496050128688
img_00138.jpg,0.02332483160082882,0.43979732056954385,0.5256467058583913,0.00011376461392430956,1.6658041993405585e-05,0.0016772480406431977,0.0018159746380788282,0.007607496636596121
img_00141.jpg,0.0023916542620338824,0.00010698702319524417,0.00011151169540613755,5.679769520027479e-05,4.969287217658927e-07,1.2055665084524886e-05,7.79990991532851e-05,0.9972424976312048
img_00152.jpg,0.01692586413022113,0.1766728585747675,0.008820505967750192,0.0026828382942757916,2.204002372323713e-05,0.08023892189898982,0.02316944418598937,0.6914675269242829
img_00161.jpg,3.747555982587248e-06,1.3583878921497538e-06,1.2925387226985383e-06,1.5409828865792476e-07,3.819966905862204e-08,6.457487056866265e-09,2.4739438305096974e-07,0.9999931553675748
img_00164.jpg,0.9883341372423894,0.006279487739630333,0.0010228626213546312,0.0005805261948299076,0.00029501492991557105,0.0015557498294410388,0.0004900953487436842,0.0014421260936954192
img_00170.jpg,0.0030814419339955995,0.022990803555126765,0.001788210510789462,0.00034464080349709986,0.9671120634019919,0.00010756107482784635,1.2621754038388002e-05,0.004562656965733038
img_00171.jpg,0.31107706911167576,0.4952421091149391,0.002531951786986731,0.0020294963133061267,0.00011613803299086275,0.1845434572009075,0.00029393447091255497,0.004165843968281266
img_00172.jpg,0.43072766828568787,0.13392685163739113,0.007182832942297865,0.02110506445517393,0.0006987675589987163,0.39866756178755614,0.00058653117432132,0.007104722158573157
img_00175.jpg,0.29855333803803025,0.251918032164726,0.0024048467090745955,0.003913656702755723,0.00011152726733858447,0.43740587967363204,0.0003777954045915952,0.00531492403985109
img_00180.jpg,4.212588078164366e-06,2.9369273587239376e-06,3.855530234623224e-07,1.3565467937033675e-08,2.474853915102037e-08,4.3937902844990155e-09,3.2280386041003532e-09,0.9999924189957037
img_00196.jpg,0.977343894802838,0.013005126337686896,0.0020092276774981307,0.001162850727345859,0.00037077956909951264,0.0010148168754348125,0.0019826554354623735,0.003110648574634386
img_00212.jpg,0.022201807592612973,0.3550871098789251,0.10431439426985725,0.004943595641923886,0.13658723806204537,0.0001011421047318675,0.0002917902012518862,0.37647292224865164
img_00223.jpg,0.4219248541398342,0.5417741685145716,0.0023383253963620764,0.00043807289130761893,8.28827300199501e-05,0.01216536478708043,0.0012394164169621856,0.020036915123862013
img_00230.jpg,0.02825748143370411,0.949478804109078,0.009013088491145446,0.00016858586317305057,0.000282975646851241,0.002721451206634729,8.908418236952506e-05,0.009988529067044066
img_00232.jpg,0.07569719100988996,0.016500749929847913,0.004663659166370365,0.0004470133035669337,0.0005325976537187138,0.010718047914272836,0.8748396955843096,0.01660104543802358
img_00244.jpg,0.05666635914296381,0.7939885176390585,0.05186218773343933,0.000248648067947062,0.0006760075680856523,0.09176662864200998,0.0013015165245506676,0.003490134681945024
img_00272.jpg,0.13886974027690754,0.7235372264476181,0.1283377458968437,0.0012345494723561242,0.0012415766901655095,0.005334371305222364,2.3052315686899685e-05,0.001421737595199564
img_00280.jpg,0.004051853543359893,0.987898329886889,0.0016696636701813987,9.516022262824483e-06,3.992695254547841e-06,0.0001700708422829527,3.50440134330173e-06,0.006193068938426358
img_00282.jpg,0.13704647342883583,0.6061894740880749,0.004699438249160275,0.008616741281522237,5.759839050051952e-05,0.23769851844425224,0.0002684423779244105,0.005423313739729513
img_00285.jpg,0.0037518601380889553,0.6321566793362957,0.0033801435223396264,7.166128103574174e-06,4.008843014972465e-06,0.012483758788288665,0.0009286299100107137,0.3472877533338579
img_00289.jpg,0.8539038087700161,0.13395204560250354,0.0029333832071282632,0.001851086953424169,0.0008668792136589969,0.0007755453182201505,0.00033559888574053614,0.005381652049308199
img_00292.jpg,0.08736392423964581,0.8039450294515552,0.006082755591913562,0.0004237484125957894,0.0004395806877568419,0.08777623979241368,0.0012744680349977883,0.012694253789121384
img_00302.jpg,0.1568195211505782,0.02494877584000616,0.0002687490735182077,0.0004414011842532503,5.909993987727996e-05,0.005770971633530858,0.8088501054689445,0.002841375709291572
img_00311.jpg,0.005597102856213721,0.9906342305662305,0.001858969513916516,4.6241289095459035e-06,0.00042509439270017717,0.00013169912359612293,9.521766076973564e-07,0.0013473272418260854
img_00320.jpg,0.001188091213278166,0.9698902993510077,0.00021913553773449858,1.5150410352879762e-06,6.567849272921076e-07,0.00593034699970406,1.6984697613703558e-05,0.022752970374699394
img_00331.jpg,0.00604984575289391,0.9248984325095704,0.02483496841597058,0.002884406266410602,0.00089442647422949,0.007335099451385173,0.00019637727603457917,0.03290644385350518
img_00358.jpg,0.23560428250082577,0.3644131993374521,0.005329076707944203,0.000922142383799672,0.0003942998288455426,0.007909570130667865,0.0023571280763309776,0.3830703010341341
img_00374.jpg,0.24547312229621326,0.4211634117536356,0.047950560148128644,0.0004334614813919204,0.00030579642139744027,0.0026813016344364995,0.001077767528475117,0.2809145787363216
img_00375.jpg,0.1616189227532356,0.0012976178229206544,0.001381402709891107,0.8353579723092694,2.137476668217944e-05,0.00018689002896317766,2.1265553471255684e-05,0.00011455405556669164
img_00376.jpg,0.012839863095195253,0.9298336964833349,0.0006018938365408356,6.502355220325611e-05,3.1749488148567375e-06,0.05620313075853579,7.177319727623649e-05,0.0003814441280989706
img_00380.jpg,0.013194595981129644,0.9577194221847085,0.021538482821904764,0.00010042259196784488,0.0002911480435080216,0.004413234719415759,2.3767508339722426e-05,0.0027189261490256885
img_00383.jpg,0.5105253486524407,0.45156916084029874,0.003720293691104733,0.00011464549270191847,0.00020646673602375644,0.00018202210552255497,1.5035239731654706e-05,0.033667027242175865
img_00398.jpg,0.007352983356467963,0.9881907003174097,3.985473285946027e-05,1.175126511320228e-05,3.388615748182067e-05,0.0008271048690631454,2.9330356555180877e-06,0.003540786265949115
img_00407.jpg,0.02068817031344625,0.940232007285574,0.01488593923172072,0.0002446248689355271,0.0003987815180177985,0.020469220353529705,9.115318638617667e-05,0.0029901032423897637
img_00417.jpg,0.033677270319670716,0.22982423238354086,0.066607995907176,0.0036462562876947544,0.22261575076843987,0.0004293242722196974,0.00016579358563111138,0.44303337647562696
img_00432.jpg,0.06351942957304993,0.6513600591428368,0.03777983499543733,0.0013458618377237173,0.0007619862535244337,0.23400403509945958,0.00041041800442222784,0.010818375093545881
img_00442.jpg,8.399001274144043e-06,4.463282524804613e-06,1.994222126268315e-06,4.81033527482409e-08,5.8220878880723434e-08,1.568433742457616e-07,8.264701810279196e-07,0.999984053856288
img_00446.jpg,0.0775208768029689,0.8196449455094511,0.0021690111252500497,0.0003136056807692924,0.0001286670360623264,0.09164430548028384,0.0031717917961136114,0.005406796569100773
img_00469.jpg,0.012561025407227774,0.9234552346715772,0.02071272984152162,0.00042816772160526883,0.0043508343771309875,0.002801149490667728,0.002352516265513213,0.033338342224756165
img_00473.jpg,0.050049975531148976,0.8984702705572788,0.02986840330894678,0.0001395833751845579,0.0019274344009227926,0.003834180984645708,0.0002451935434777688,0.015464958298394707
img_00483.jpg,0.009990219309503546,0.876507148078891,0.10757712290749841,8.8036343003611e-06,0.00014971750727300656,0.00040442211398191146,6.227106330886782e-05,0.005300295385242901
img_00484.jpg,0.001926463568957678,0.06146100062352595,0.1111339472201543,0.00032565560353731734,0.000657998870737173,0.0001642067548329958,0.003759149278979303,0.8205715780792754
img_00486.jpg,0.09263581259045034,0.8291280680945375,0.029794057121982104,0.0026102592556525423,0.0029110036941873926,0.0013312098597430663,0.0014327869555402601,0.04015680242790671
img_00487.jpg,0.9363510051369114,0.014757069411593578,0.022171231405658236,0.005306746848075617,0.010860076378907808,0.0018129395955051397,0.0028665540583595033,0.005874377164988788
img_00493.jpg,0.9584799247617093,0.007594051643056175,0.0022549178655722787,0.004608990220081006,0.00026649287269913877,0.014243957178223458,0.008488398742069131,0.0040632667165893515
img_00518.jpg,0.10777661046095043,0.8798926808639322,0.0014205170597479308,0.00043870731008281726,0.0012217019931167852,0.00274645616705786,0.00035582816104443374,0.006147497984067621
img_00533.jpg,0.1400268247708944,0.4738052441191648,0.006211390671186555,0.002753955806677331,0.0017304372333484344,0.0031487710587457104,0.012361296822827791,0.35996207951715503
img_00538.jpg,0.06791320114409956,0.9199150154776295,0.0003190992721470962,0.0002422565305810806,0.0009020109236523382,0.003969692423090099,1.526998264306671e-05,0.006723454246156975
img_00543.jpg,0.004995254613048341,0.9925616484333869,0.00135419417034791,5.031194825198276e-06,7.541425133674709e-05,4.910567796987784e-05,5.6891504910638e-07,0.000958782744036018
img_00550.jpg,0.013671178654166564,0.6169534888326771,0.007606607119183567,2.8508132541960475e-05,2.297764854992001e-05,0.3612809760293062,7.838205549584916e-06,0.00042842537802508527
img_00551.jpg,0.0012291353329848683,0.9854217679355255,0.00046399711214161203,1.3896892290103457e-05,2.999118734063822e-06,0.01027304254923697,0.00041519782212245845,0.0021799632369645275
img_00564.jpg,0.88055549281424,0.04021379583324976,0.009521338068444154,0.015943267895708577,0.032139797303699175,0.013026544750014106,0.0007528430658280483,0.007846920268816202
img_00575.jpg,0.00631588283010889,0.6480574993901178,0.006399858237017579,0.0006146200311535494,0.0001199132669867283,0.0707244284540103,0.003528356764770745,0.2642394410258344
img_00582.jpg,0.0008240349081012734,0.9968815897231524,0.0006823354140461016,1.102514615899027e-05,0.0004848722129352903,0.0009328727654605817,4.716897135280743e-06,0.0001785529330099035
img_00584.jpg,0.4284072554962503,0.5448951226051028,0.0003423233094523095,0.00183003566318261,7.661932437190703e-05,0.012572207441143811,0.0021148706176465954,0.009761565542849793
img_00587.jpg,0.0118063338296071,0.26428850591760733,0.0022411806397244116,0.0006184891510934748,0.00016356657999081395,0.0013506513913377329,0.00015242212935668363,0.7193788503612825
img_00590.jpg,0.0005980803904146307,0.002545849305213039,0.013374491925664892,1.2478643940105375e-05,2.263361698963275e-05,1.8233485702003983e-05,9.97180490740814e-06,0.9834182608271683
img_00591.jpg,0.1342306593064916,0.2744544888407106,0.002554737595364062,0.0011456619124113052,0.0017825515357883699,0.20341938470554471,0.0004143980536996419,0.3819981180499897
img_00598.jpg,0.005062893778024512,0.9911396629554373,0.001655274698426392,4.792192851535038e-05,4.1367073955682905e-05,0.0015172045042365651,3.011598778160547e-05,0.0005055590736228661
img_00599.jpg,0.2205817399931611,0.4792472551555424,0.0017307275478796206,0.0004950424539821245,0.0018667153433335752,0.0005376878006717089,0.00026851461587390534,0.29527231708955537
img_00612.jpg,0.008431150264243827,0.9579976499039136,0.00010540639559147098,5.379557017876022e-05,2.0149142898682663e-05,0.0294925137512113,0.0008948354192875683,0.003004499552674662
img_00618.jpg,0.9019547582426208,0.07627500406681274,0.012493581215376404,0.0016348560331048232,0.0014666695232731883,0.0004973061389530504,0.0003234193474262926,0.005354405432432661
img_00620.jpg,0.42570787251920245,0.5283172101741327,0.005808480442506923,0.007141284204243211,0.00011652560555382844,0.0106834239802254,0.0013846056801555034,0.020840597393980136
img_00642.jpg,0.00833490731699078,0.001814648299177314,0.003634637541972274,8.051883219143721e-05,0.9852029471487879,0.00023071457970357868,2.4446063810414026e-06,0.0006991816747956098
img_00646.jpg,0.009911393355598635,0.006558381521635254,0.003702893602152567,0.00020767718069228717,1.4208206730243745e-05,0.00033951955869956875,0.0006958385838344699,0.9785700879906569
img_00648.jpg,0.0024770714335716764,0.9964845960060166,0.0004572267251080916,1.5552442012956324e-06,7.593732437054304e-05,9.740794269504945e-05,3.7586311694242914e-07,0.00040582946091977
img_00650.jpg,0.25612912290068074,0.18012098471952287,0.002100489839609069,0.00045631670378154483,2.3316418496777205e-05,0.31639487178114917,0.18790541022653467,0.0568694874102252
img_00654.jpg,0.01643090625640777,0.7887017825542129,0.0019716511747277267,0.0016290407954608849,2.161431837877297e-06,0.013686329087929003,3.2094487242478896e-05,0.17754603421218135
img_00664.jpg,0.00687508073070872,0.7386081626942619,0.22300203749493003,5.182678018398633e-05,2.6070051416545385e-05,0.006377003356111333,0.00022856749671480508,0.02483125139567279
img_00667.jpg,0.9990263742154749,0.00043954334785502677,0.00013650144151416532,0.00013303847121942409,2.9035556775341217e-06,0.00017177857485759862,1.8032324632456373e-05,7.182806876907015e-05
img_00676.jpg,0.9989595948454632,0.0006942087897505471,6.933962585571588e-05,5.3317711209058895e-05,1.001810755747357e-05,0.00013011009624718686,3.249731340017483e-05,5.091351051639635e-05
img_00697.jpg,0.0006719634656479443,0.00015114421895781708,7.511528406098429e-05,2.5562532680179294e-05,4.020202532262882e-07,3.977604270377807e-06,0.00018627962392500435,0.9988855552502045
img_00708.jpg,0.005601347032597422,0.5783294384657699,0.3179383046219706,0.007383768789408305,0.0012050961368027969,0.041045503433392624,0.0004528461763329726,0.04804369534372552
img_00716.jpg,0.23936563990065013,0.19136601064945521,0.2886895517894817,0.0013079807199289884,0.0012156395881060833,0.20051499920290164,0.0008031147606451771,0.07673706338883118
img_00717.jpg,0.00012039231748828537,0.7096274290959692,0.0484496449896378,3.977340301278727e-05,2.206649935625294e-05,0.24019662243997453,4.510143924188951e-05,0.001498969815319027
img_00718.jpg,0.027032961723316436,0.9631914048733157,6.706372428107659e-05,1.7494589323539823e-05,0.00021373871082077186,0.00038058647838058057,3.0267506049183975e-05,0.009066482394512649
img_00723.jpg,0.9732992552453495,0.014187204081345649,0.0051755544117271434,0.002346748031994733,0.00013865249550137375,0.0025176489434417396,0.0003626414836628184,0.0019722953069772307
img_00724.jpg,0.025177938207739888,0.012204187557246627,0.0007764299032245589,0.0004066437474328114,0.00012126950861846652,0.0001743935729782523,0.09598118667624345,0.8651579508265159
img_00726.jpg,0.0009095191439023561,0.9865538675111569,0.0024812060260357904,2.150271131278943e-06,8.51829522466373e-06,0.004788823158978217,2.633792451981406e-05,0.005229577669050799
img_00729.jpg,0.5568538110525791,0.38449772273902555,0.015130177082321979,0.0022646050858107294,0.0004743547979056142,0.009082761057690049,0.0073643332615887505,0.02433223492307819
img_00730.jpg,8.72621676243113e-06,0.0002350501242080109,0.00017880168722501198,5.830200765464368e-06,4.983143939156103e-07,2.154265709971979e-06,1.5615847980523103e-07,0.9995687830324553
img_00757.jpg,0.11932843065797841,0.8319975081471895,0.027538796864355976,0.0021101184009053734,2.8352790048067128e-05,0.011959223757524286,0.0006985132942128271,0.006339056087785497
img_00760.jpg,8.937073487011809e-05,0.0007213290902282577,5.006329674101324e-05,5.2769909882395015e-06,0.9985686923827385,3.1113913745230316e-05,1.4925232026852126e-07,0.0005340043383684608
img_00763.jpg,0.9958587046266862,0.0009540756314097834,0.000260660503657331,0.0009372632034183368,5.514755615214762e-06,0.0015465634380265039,5.6553722540560774e-05,0.0003806641186462039
img_00764.jpg,0.3102560283011173,0.013800537666539362,0.03234080209181325,0.007499046249110788,0.00046408980327620266,0.000904569246641201,0.00011765724267077071,0.6346172693988311
img_00765.jpg,0.11626443093981131,0.1238421644202861,0.2056078893661014,0.0012019635050814629,0.01582179694549175,0.016717505472504925,0.045338235043425,0.47520601430729803
img_00772.jpg,0.1915950432740235,0.03758218565565466,0.011179817612792586,0.1395905636004356,4.0861040386667406e-05,0.5611143371252648,0.004304471421522355,0.05459272026991983
img_00773.jpg,0.2753527655371518,0.5379839798047151,0.06137665843183365,0.003001376312276437,0.00013424664813046526,0.11705967750178728,0.0023419645823539535,0.0027493311817513135
img_00777.jpg,0.16201809439180737,0.2896744669355224,0.008361945973917363,0.0017911683846931132,4.7220032623525245e-05,0.5264451018652927,0.010498673634011487,0.0011633287821319887
img_00780.jpg,0.004595397182979141,0.02831631797319485,0.00014036776725896125,3.627275364246198e-05,1.6125283046276345e-06,0.01240714670600587,0.006607461850718252,0.9478954232378958
img_00798.jpg,0.010495397426995278,0.9007298406118971,0.012372952235173335,0.00013533296292431737,0.07225544389052747,0.0010515839937609848,1.8335923671110507e-05,0.002941112955050584
img_00808.jpg,0.08433480123446796,0.7146635005530199,0.19031348624835703,0.0005453971007572698,0.00029361114190204626,0.00862423000279147,1.6613411871958202e-05,0.0012083603068325003
img_00816.jpg,0.0003380784255424458,0.987389720222763,0.0007166885507269305,4.066809580473963e-06,1.817565899093139e-06,0.00029297608521293065,0.00013495684538164467,0.011121695494893584
img_00828.jpg,0.9910423519806194,0.0038065521073207416,0.00030035765084416584,0.003064341736028136,5.455997118649917e-05,0.0009346934112082602,0.00023241683588566807,0.0005647263069073458
img_00833.jpg,0.07974669827678338,0.41605913215139506,0.21038693424877924,0.015245734545462335,0.003984009060188492,0.11627070688036278,0.0020116019803364657,0.15629518285669244
img_00837.jpg,0.004715094575116326,0.9765768155721323,0.010381416065192522,1.915849231400567e-05,4.2134506379808856e-07,0.006542947101958486,0.0005370198997609193,0.0012271269484618365
img_00855.jpg,0.4401303843637881,0.5145430088864061,0.01959824404246106,0.0008937967497385591,0.00013458115690455022,0.021143404592838814,0.0011928295640546717,0.00236375064380815
img_00857.jpg,0.0049817423504811935,0.9088197042815062,0.05395682575839443,1.3341871801916954e-05,2.4414177053436063e-06,0.022129932935065846,2.3399034632281174e-05,0.010072612350412624
img_00858.jpg,0.22257672617965343,0.7261666175746734,0.005491170895298323,0.0006127188224560766,0.0005185567298984924,0.0013033796652157006,0.003176898164221276,0.04015393196858324
img_00865.jpg,0.004652456441454403,0.9642864882896427,0.02472174789554622,0.00011574740557425925,0.0034878170227812338,0.0010667312244512334,1.573628510445126e-05,0.0016532754354457132
img_00876.jpg,0.9910939633591341,0.002185594078732863,0.000924016334296682,0.0010786198247180595,0.00010222063239736923,0.0017305612245387808,0.0018626019011335005,0.0010224226450483269
img_00889.jpg,0.9778446743400052,0.014235739296851223,0.0024258253659201153,0.0003171836341021719,0.00011030635583175304,0.0006837508251123346,0.0007984483365222858,0.003584071845655125
img_00894.jpg,0.48639239270898715,0.5125934987011374,0.0003480880577480235,2.9240826373316216e-05,6.661815952391639e-06,0.0001104136644422402,4.3007602367217844e-06,0.0005154034651227553
img_00902.jpg,0.026568673230525502,0.013859047637395946,0.0014394543333850773,8.870939464339199e-05,0.00022833936696689959,0.0028829556264564978,0.9445055579130311,0.010427262497595536
img_00914.jpg,0.001641005622072199,3.954019427173385e-05,9.955958117717575e-05,1.6534641121251514e-05,6.59703414171847e-08,3.622595041780038e-06,5.2500391654834206e-06,0.9981944213568089
img_00921.jpg,0.07780115496222136,0.6564226513693132,0.0025845940942931336,0.0003454617780834996,0.00011087745784001426,0.08280692277112907,0.07851877767907679,0.10140955988804275
img_00927.jpg,0.0002413478511933235,0.007359361363503377,0.10628032133834102,0.0002574885174528109,2.3093427702302405e-05,3.552015308996987e-05,2.8584731214098607e-06,0.8858000088755957
img_00943.jpg,0.0036087692949218295,0.9215135912139618,0.05198998303406475,6.83287741320019e-06,3.75823514831447e-05,0.0006215390449201682,0.00021878091867060887,0.022002921264564535
img_00948.jpg,0.9195496071436412,0.057684139899199585,0.0025177996703970996,0.006445160494938233,0.0007403870405316208,0.005038189573004038,0.0013446427850623002,0.006680073393225947
img_00950.jpg,0.993398529393715,0.0038884864024096694,0.0004311410116208825,0.0008579812003648035,0.00012086414403991688,0.0003943480644809772,0.00022750838635170458,0.0006811413970171064
img_00959.jpg,0.1777592990679541,0.6773477522807237,0.0015551205595476457,0.00021251027607617606,0.00036129417170136446,0.011043013311151895,0.0036696246771121556,0.12805138565573307
img_00962.jpg,0.3674685833646894,0.19998821884074278,0.008543978165036038,0.000553141065510203,3.599191971449317e-05,0.007139256574750518,0.004719873647148004,0.4115509564224086
img_00964.jpg,0.007592370541513406,0.00010603271004894204,0.0003052896176809552,0.9914019826743895,0.00013784459684969237,0.00023336460694759208,1.275665106486796e-05,0.00021035860150492202
img_00966.jpg,0.459846878725442,0.5300635158581485,0.0019156325928958422,9.502327198843193e-05,6.437919310700359e-06,0.002056630813668032,6.218169526597552e-05,0.005953699123280448
img_00974.jpg,0.05452138119408286,0.8257801170344453,0.016451782635913147,0.0007348444851623723,0.0014364984094612189,0.00024464030129912233,0.0007778624707712461,0.10005287346886471
img_00979.jpg,0.01298575458516082,0.021423073329218254,0.0009932496016226632,0.0011384557287083292,2.5286793541514666e-05,0.0008659873153366731,0.0026486487352770233,0.9599195439111347
img_00982.jpg,0.4866704672974354,0.4987611470249813,0.004943050113419289,0.0008516677950342828,0.0007807409179336523,0.002199083229875025,0.0011000347680613452,0.0046938088532596746
img_00985.jpg,0.08031183581043165,0.915158715567233,0.00025935892684422534,0.0002442728001419628,0.000305783748260642,0.0006347587697698089,0.0005489375344326668,0.0025363368428859994
img_00999.jpg,0.0171348374979778,0.9143938191473144,0.003738660414864781,7.434253278455603e-05,0.0008975450637192274,0.006697083078883434,0.0015158927057013292,0.0555478195587546
img_01022.jpg,0.024976052394802727,0.9074353306179105,0.0005659676408726504,3.366461736612307e-05,0.00010404596891580116,0.06348939604296273,0.0002690761539506844,0.003126466563218947
img_01031.jpg,0.0029791184528139454,0.9722112563798023,0.0011101871500323903,3.230390283471199e-05,3.062948568457909e-07,0.009739178832361271,0.0032404661059077804,0.010687182881390846
img_01035.jpg,0.15337747932460938,0.15496347305447383,0.0060911299655158025,0.001206709191865398,2.1275182596827404e-05,0.6785717634133411,0.005443397883016777,0.0003247719845809298
img_01043.jpg,0.6741627287552274,0.2695801812153481,0.000977932878497495,0.0030874466915905042,0.00020744208082217305,0.006606130531592822,0.04104384150538911,0.004334296341532242
img_01058.jpg,0.223168811725067,0.7663389998888094,0.001756907288252218,8.724207354172303e-05,1.893684332992649e-05,0.0005356955357476007,2.5367153755176966e-05,0.008068039491496898
img_01059.jpg,0.0035884250414834067,0.0018387959338868568,0.0013612094251278415,1.7801598465974763e-05,1.0168998593558391e-06,0.0005369686335898881,1.2054494621753456e-05,0.9926437279729649
img_01090.jpg,0.9973982751982049,0.0008665711683729623,0.0003586704315981112,0.0009378975675358539,1.7098431811249895e-05,7.62223505822135e-05,1.4058715776849367e-05,0.0003312061361177709
img_01102.jpg,0.0017402454829635293,0.144647262101519,0.2931260994647088,0.00010933156018042508,0.0025665779333923283,1.0057538735235007e-05,1.2724073877991654e-05,0.5577877018446227
img_01103.jpg,0.24807039697898264,0.012803294579099614,0.0020105202118201617,0.0029889395065294264,0.001875973491404216,0.0017620541603793668,0.011738445255595285,0.7187503758161893
img_01116.jpg,0.20943695712394236,0.38600996528175846,0.012285617846429777,0.011408250904612064,0.06196166124021652,0.29329246419590105,3.751469690573693e-05,0.02556756871023405
img_01134.jpg,0.243199259873589,0.6935107207228848,0.0008080660660924914,0.0004545101821595898,0.0007965926743084213,0.0055114146045930285,0.001886230591297963,0.05383320528507456
img_01142.jpg,0.9886431059525426,0.003724432160315085,0.0025089891004675857,0.003905643091446717,7.8346942630745e-05,0.0001452625819859445,7.0679748608044e-05,0.0009235404220033405
img_01168.jpg,0.2413629108520622,0.35507886733045796,0.007263462677607291,0.0003501967210886161,8.838585048849045e-05,0.3420109892101775,0.02459378102762429,0.029251406330493595
img_01171.jpg,0.9948865199924483,0.0013191752910140585,0.0003718858026849735,0.001498375495122739,1.2726613490744872e-05,0.001180963564551285,7.894169891075389e-05,0.0006514115417771251
img_01177.jpg,0.313759671089818,0.5031031452314754,0.013009337136089878,0.0007948694449421301,0.0013613059572412085,0.02071210283832516,0.005657046007331301,0.14160252229477677
img_01179.jpg,0.08306530527981498,0.9013620300713612,0.001109986936294873,0.00029013560247781087,2.029558389619166e-05,0.013557935400457001,0.0001649477277854797,0.00042936339791248566
img_01188.jpg,0.16542110808955163,0.11922074199700405,0.2159612351066733,0.002540250724421919,0.042200886898041697,0.14313006951215396,0.04304553263923254,0.268480175032921
img_01198.jpg,0.8284602977675192,0.1393250945996472,0.009374246937403425,0.004398428997000134,0.009314350087782051,0.0025797670785721303,0.0005658243147161076,0.005981990217359669
img_01204.jpg,0.987750732705585,0.0023004523289730265,0.0011306382852015037,0.00314914294784031,0.0002021401969151294,0.001827450932060713,0.0022093494200249334,0.0014300931833993967
img_01208.jpg,0.9946146276041316,0.0033328070735096633,0.0002657712030540348,0.0005717866045651754,0.00012415646461961554,0.0004545877957386672,0.00017503648947240764,0.0004612267649092269
img_01211.jpg,0.026217124025600013,0.8151909878695129,0.15743403230571235,9.076876337595104e-06,0.0001802032034662923,0.00027489121858307816,4.736840414646923e-05,0.0006463160966412505
img_01213.jpg,0.05166595338018704,0.9383915902221439,0.0003697815093224901,7.724279956076503e-05,4.0243013190859796e-05,0.006100523000114253,8.278351463245166e-06,0.0033463877240174924
img_01222.jpg,0.01198038947697571,0.9228184080585015,0.011218085781489183,0.0007797213590374056,0.0036674551584981313,0.00027533274501452266,0.003448553451868593,0.04581205396861493
img_01224.jpg,0.0185627345595241,0.007692972731356167,0.08501317163911995,0.06562582144191415,0.0013643182250072006,0.0015750533767412154,0.0027572657431023623,0.8174086622832348
img_01237.jpg,0.9148684318746338,0.06854664884314893,0.0015831908363804804,0.0014983803652061796,5.8272655929720194e-05,0.0018473196473279463,0.00040217640789376067,0.011195579369479212
img_01249.jpg,0.837767495474795,0.12505660635034782,0.005177934493853859,0.010988669806421493,0.0007617707901198875,0.01165786004832152,0.001394610804572227,0.007195052231568206
img_01253.jpg,1.6053996881143758e-06,4.990124527050021e-08,9.174195102256973e-07,2.496797685665714e-08,2.625951800370108e-09,2.8344326630343983e-09,5.001563189652948e-09,0.9999973918496318
img_01286.jpg,0.0004196319875774252,0.0005093626943882575,0.0004913522252282638,8.684092558339816e-06,1.0988802678393198e-05,2.0006202698760477e-05,2.7904761221522295e-05,0.9985120692336491
img_01289.jpg,0.00023906003180967312,0.0002682011273440756,0.00037207032456837517,1.532672164434022e-06,5.035580626575512e-08,9.953153692168192e-06,5.177675373899753e-06,0.9991039546592411
img_01325.jpg,0.967320191184619,0.02966987211150247,0.0005924418452443803,0.00028022771206449425,7.631461289661737e-06,0.00029372720840274106,0.00023582991381958232,0.0016000785630575184
img_01328.jpg,0.11527918958802144,0.8801897285233776,0.0006816506447746232,0.00021580925348135328,0.0001810917291309185,0.00021258150398815483,1.2686392063657434e-05,0.003227262365162117
img_01366.jpg,0.26349307326558224,0.26040170860640427,0.0008457279648547374,0.004449497026651786,5.355145725211794e-05,0.4631860000897443,0.0003820569912129669,0.00718838459829761
img_01371.jpg,0.0030171500903687144,0.9732575780774976,0.014076479319162418,1.9346028635103224e-05,8.784906273852518e-05,0.002559835179760028,1.1357709342950866e-05,0.006970404532494608
img_01373.jpg,0.6365567595181438,0.03376881164847776,0.0006131334448171174,0.009684503493309321,9.836701355995982e-06,0.3168023661299392,0.0002987663837964793,0.002265822680160142
img_01377.jpg,0.39312106874064345,0.365916265683331,0.04485402897948924,0.00109840248173908,5.031457618121769e-05,0.19010020434788896,0.001523358451637943,0.0033363567390889953
img_01379.jpg,0.04526135525602338,0.9153125982754841,0.0008962327199272454,0.0021759842334547566,0.0011807083359880548,0.021633175226787857,0.00014848163512062263,0.013391464317214209
img_01384.jpg,0.09975185291035653,0.30668663784593697,0.0019013034451016155,0.0033467409905463185,5.235674937900076e-05,0.5784977704299765,0.00021307801347243813,0.009550259615230582
img_01388.jpg,0.048935908515315166,0.9310958949105488,0.012571878360072522,4.165658874861846e-05,0.0008046657180581455,0.0024555011218940505,0.002161034291130492,0.0019334604942324643
img_01392.jpg,0.36546009569046795,0.007037837102707765,0.005725943314637738,0.5976925620592208,0.0015004739692245327,0.003052138833266463,0.00032397514389671605,0.019206973886577945
img_01399.jpg,0.0017001705686429838,0.005240516492949939,0.8991305306334592,0.005905141175275571,1.9275683293023536e-05,0.014366028745768445,0.00016339478394472543,0.0734749419166662
img_01404.jpg,0.0023247514985479095,0.7759949352202449,6.385642945145143e-05,2.822096788353053e-06,0.0003272982560476924,0.09782763276026712,5.484909525113737e-07,0.12345815524769989
img_01405.jpg,0.10272675467235276,0.5861122340338786,0.24015831983847633,0.0071327097683367,0.0003334661087365379,0.06188819207508325,0.00043140400977410273,0.001216919493361785
img_01413.jpg,0.0004212208100161182,0.9977134687783343,0.001314473953901949,5.700651171586887e-06,1.4000312785827859e-06,0.000478036876104041,1.6764523988837418e-05,4.8934375204519244e-05
img_01426.jpg,0.031139299930402972,0.2574187119036836,0.021306532265939152,0.0011696213340061778,0.00023094041440698687,0.029719783720993175,0.5860748998404537,0.07294021059011428
img_01431.jpg,0.00011089618880909389,0.0005603944712440106,0.00012951697156430675,5.708822166925814e-06,0.998991485091028,2.3828594517377934e-05,9.89121377804357e-07,0.00017718073929239123
img_01441.jpg,3.477706661310619e-05,2.185420091866618e-05,8.035922412481615e-06,6.385665082128124e-07,4.134069216885216e-07,5.3159527558842334e-08,3.5355231366354247e-05,0.9998988724457321
img_01444.jpg,0.0010931898389876008,0.29565840058811826,0.0008428258849606118,2.7932702052874978e-05,1.238029016333676e-05,0.00037770382840068964,0.0011742584816280843,0.7008133083856884
img_01490.jpg,0.02946900888959626,0.006270821781119391,0.0040108284371179,0.0052124660573270275,8.927783485800386e-05,0.000307900734137301,0.00021601739254504954,0.9544236788732992
img_01495.jpg,0.24559514047336295,0.7175930374277576,0.004498814719981557,0.0011090123798330772,7.359006700078732e-05,0.0007037151165882343,0.0034977068602244903,0.026928982955251552
img_01505.jpg,0.9772821671344691,0.012368552712821836,0.0024428404488166166,0.001550756028639647,0.0006418582194568256,0.0009794771342467759,0.001132911887817969,0.003601436433730855
img_01511.jpg,0.25958404952910974,0.4003089679087613,0.04864596849245122,0.26817129800151435,0.000871620226345432,0.012239207425032143,0.0015604616987295395,0.008618426718056274
img_01519.jpg,0.3569270531670657,0.35678991043550123,0.02931792550253703,0.0023614321788439753,0.0014893047147326148,0.011430888514108277,0.17446328686600696,0.06722019862120439
img_01530.jpg,0.010406425040929198,0.9076825520567892,0.07721310346715578,1.020339565576744e-05,0.0005822844181139746,0.001266428374761362,2.9795315846957565e-05,0.0028092079307477477
img_01537.jpg,0.2609708848938814,0.425122018058103,0.0189231347036085,0.006962347946701404,2.6909670918663805e-05,0.13604705504888379,0.006522043230717596,0.14542560644718552
img_01538.jpg,0.007151062700998571,0.4622344422612914,0.04025910505149188,0.07380676697867075,3.87866322961438e-05,0.368052814243134,0.004786187807075428,0.04367083432504171
img_01541.jpg,0.9855123899133936,0.0025051759111785147,0.00022743585775556756,0.010365612421098335,5.641491426082087e-06,0.0010378374104578318,5.99834038686383e-05,0.0002859235908211995
img_01543.jpg,0.48756292625534103,0.4944132348661645,0.0015859398816196264,0.0008785526323415041,0.012153922618432532,0.0001762449586198237,0.00019399823341146178,0.003035180554069418
img_01548.jpg,0.003035992701943234,0.9817325964621378,0.0008038173724996838,7.721060584012322e-06,5.370796453695284e-07,0.011957434394732609,0.00010134106602762928,0.0023605598624297434
img_01552.jpg,0.001501482196025447,0.9495781843667152,6.071243181859527e-05,7.958653632161582e-07,1.3067612537323043e-07,0.048054421362715406,7.888292754445506e-06,0.0007963848084823063
img_01561.jpg,0.9745665962303985,0.019036591624862077,0.00039213720441071175,0.0014320761048664179,0.00011086838892568044,0.0006708532585067894,0.002696690879232154,0.0010941863087974197
img_01562.jpg,0.0008155164102987611,0.9800685256464701,0.0028454576167624714,4.584644373923628e-06,6.350699230057084e-05,8.734601530520723e-05,5.947067388721506e-06,0.016109115607100384
img_01571.jpg,0.0003177826771109866,0.7197270261343988,0.27934710055653783,1.3591140006955387e-07,9.991179841685948e-07,1.6753101606390043e-05,1.0144553714262267e-05,0.0005800579472473683
img_01593.jpg,0.0014747221788554837,0.1285229790841538,0.48216983989599244,0.00012637037557577255,7.133361091567016e-05,0.0030143530422116266,6.535625523504176e-05,0.3845550455570604
img_01595.jpg,0.9925389485693359,0.0023446121003604667,0.00036888288393342744,0.0017797680576440978,0.0001655776006082261,0.00012918468676975528,3.944947220854927e-05,0.0026335766291396136
img_01616.jpg,0.007455677277090724,0.9321152597814323,0.04013209038441865,8.526286619779667e-05,0.0001447213999148368,0.001554295478822966,0.0012027424099113346,0.017309950402211557
img_01618.jpg,0.41517078996304047,0.41922949461508696,0.018956342243938606,0.003345074833270286,0.0018751294678367838,0.022726498150009728,0.05162981328860165,0.0670668574382153
img_01627.jpg,0.030368559421099086,0.9512651739919471,0.0068254868144420845,2.7949766010101195e-05,0.00029624959218533246,0.008416394401166169,0.0003327460892643565,0.002467439923885764
img_01632.jpg,0.8815851460221954,0.10900275595420571,0.000990394631562589,0.0014023052397057318,6.621834683198287e-05,0.001317105629268732,1.6158981262790058e-05,0.005619915194967299
img_01633.jpg,0.008109686524504799,0.5247843111186816,0.000640393217716556,4.6890756088582605e-05,1.8439910631187295e-05,0.4600217371971074,0.0008822674773283833,0.005496273797941476
img_01640.jpg,0.05525914956743169,0.9399679044533472,0.0020508298673679345,2.98505220458523e-05,0.0009400469937361911,0.00037194190517349864,1.906619241717742e-05,0.0013612104984803163
img_01646.jpg,0.00637759354779408,0.9037486515264278,0.0012665155622106096,0.0002948635946219796,9.68586455239897e-05,0.08540540426832746,3.244622240511706e-06,0.002806868232853488
img_01647.jpg,0.989090400153611,0.003172715809051637,0.0005227484815298689,0.0017075971130769915,1.9538207055790067e-05,0.003427799312019611,0.00048183930761065707,0.0015773616160444253
img_01649.jpg,0.3718753139520877,0.5764623789292025,0.004738180971628626,0.0010955741291200885,0.0030326647351611694,0.008185161145070476,0.004272633584524071,0.030338092553205284
img_01657.jpg,0.3636659753822595,0.0022008070673363274,0.0011029462479498525,0.6074469030412308,0.00020399746085850818,0.0034622384907214976,4.530936323217147e-05,0.021871822946411355
img_01669.jpg,0.00022147817508183566,0.006658672203352982,0.00013346694668377364,5.378857313520953e-06,0.9874236023822008,6.899364786075924e-05,8.307028362212526e-07,0.005487577084670228
img_01673.jpg,0.9315601020175535,0.060144277842696985,0.00019771069085622247,0.0001226532249868641,0.00011176788865209291,0.002907964302295555,0.004216618145770436,0.0007389058871883525
img_01681.jpg,0.28875878010095174,0.40152401598509496,0.01673550881952756,0.03378062150379268,0.0048912419780342995,0.004184452944329492,0.0017180245799739615,0.24840735408829526
img_01684.jpg,0.018561604847647198,0.9764376826932126,9.830070835735966e-05,1.1477303420163115e-05,0.00021379046239455968,0.0010269737854503693,5.6159988372762335e-06,0.0036445542006804522
img_01685.jpg,0.9148975959874215,0.05018266262628347,0.0009374664149455521,0.00456498554988829,0.000526393260968953,0.02629459176939796,0.0004889075706587094,0.002107396820435598
