image,NoF,ALB,BET,DOL,LAG,OTHER,SHARK,YFT
img_00005.jpg,0.984808688208788,0.005386955861463553,0.0014772358262988689,0.0022077052502238125,0.0003524207639141914,0.001994770404003442,0.0024476331459002965,0.001324590539407725
img_00007.jpg,0.018997383797246584,0.1868509020325873,0.020156824778068533,0.012165253408453421,0.07060426177140813,0.00693317956562205,0.007969203561353323,0.6763229910852605
img_00009.jpg,0.051633568059400135,0.40750155046045505,0.17699395172664234,0.02121486069411467,0.027657009024693906,0.27760798359371786,0.009154005527394739,0.02823707091358145
img_00018.jpg,0.01996712211276861,0.6761064723491247,0.03323697797645278,0.0049124204131899,0.007264350309639603,0.24596373519741221,0.006738265614785165,0.005810656026626987
img_00027.jpg,0.014096393227232143,0.29335822056163935,0.07358863651426086,0.08821164385334451,0.016192489580656198,0.14790457003765525,0.050041275050260174,0.3166067711749515
img_00030.jpg,0.9745817363215892,0.00958949994269026,0.001901605165833048,0.0013362569061345717,0.009467004460171041,0.0023364337512181946,0.0002407564461755806,0.000546707006188278
img_00040.jpg,0.14774332007109028,0.01693489262547915,0.004197169316427091,0.007584732120833449,0.0014196119167790918,0.010768001476631681,0.8028425192414015,0.008509753231357825
img_00046.jpg,0.9857970904371598,0.001971036466020131,0.00114438492931818,0.0011940755640494653,0.00028339055941624435,0.0029469546095229012,0.005582373974317986,0.0010806934601952135
img_00053.jpg,0.07869654971988602,0.7631462100754661,0.07169284271785341,0.018595106250089664,0.004525465102793867,0.0342398955311501,0.010643687804420906,0.018460242798339785
img_00071.jpg,0.16406709226745222,0.004333865399671349,0.0016680926704773,0.0014027176525957968,0.8252875186596367,0.00034091542097104195,0.00028637616240913787,0.002613421766786615
img_00075.jpg,0.024213764845051423,0.4709494706922408,0.04527613115588918,0.018625923633988725,0.010209238540794006,0.38020747194089743,0.0076377643900959755,0.042880234801042555
img_00102.jpg,0.0404234663651413,0.4200001716242747,0.03304340183933274,0.022839903210438234,0.02237019854893359,0.028780488650277963,0.03591220245128402,0.3966301673103174
img_00103.jpg,0.04011865749189351,0.3754919554179979,0.1437643576456118,0.2663962795615703,0.019433452647644272,0.08401295245824753,0.014612543392740932,0.05616980138429387
img_00109.jpg,0.029464065892856092,0.646366630771428,0.11142792081994195,0.016454938705899258,0.00849240417710029,0.14364523437926324,0.01602616497923183,0.028122640274279454
img_00119.jpg,0.9927431161341892,0.0011563463626489622,0.0006671806870340037,0.0006772796894779122,0.00014583615963328493,0.0022744602131992463,0.0018496994884715256,0.00048608126534558255
img_00120.jpg,0.042926796668011476,0.731730210512791,0.07984695544035503,0.0076946063290625035,0.011415792270612445,0.012889266534841468,0.008816483721948412,0.1046798885223779
img_00125.jpg,0.021908638396260685,0.7946236653063715,0.03698135325198621,0.0056043851342542075,0.007836633426474648,0.060069260184257206,0.005154515625826249,0.06782154867456917
img_00128.jpg,0.02812743229236001,0.10739124887942161,0.31637407874294565,0.34721203814457346,0.001917890108917988,0.039183416059376946,0.004212822472056851,0.15558107330034765
img_00129.jpg,0.24585759656151812,0.010555997248701394,0.0026791971587269187,0.010642801361550314,0.0011864582482178246,0.009465029319723407,0.7148203016335987,0.004792618467963317
img_00133.jpg,0.9701268637465073,0.021757501393271927,0.0015462734202885233,0.0020290116322895266,0.0012859511286079893,0.0021546184303075813,0.00041298969488955974,0.0006867905538379038
img_00138.jpg,0.047391713751048455,0.4732730864556581,0.34450216278824836,0.02262346261827934,0.008182313114142456,0.025657294971295326,0.011461325995566613,0.06690864030576135
img_00141.jpg,0.016434201735043487,0.005462688798560486,0.0074662626215026085,0.011137125036916521,0.001349061830071839,0.004358956654026835,0.0028279888069038016,0.9509637145169745
img_00152.jpg,0.08783259308007851,0.06850459638333582,0.12732822886198525,0.024700726482674316,0.006653230419166921,0.12517565793733348,0.04270717733533973,0.5170977895000859
img_00161.jpg,0.029286231421096213,0.0037765393570248695,0.0047828312124397815,0.008791976131300793,0.00460845752552845,0.0026279502864548195,0.004295540484643836,0.9418304735815113
img_00164.jpg,0.9877454416014272,0.006571522129600931,0.001052836649910718,0.0010519757145174787,0.0002451861051794787,0.0009851121636609568,0.0012318947009896306,0.0011160309347137745
img_00170.jpg,0.11749595461829031,0.0672054153668887,0.01569773990941122,0.012317402924988426,0.7212249008249173,0.007030326269996112,0.004537796865535076,0.05449046321997298
img_00171.jpg,0.562829021280884,0.2441654257873147,0.022535976231227408,0.015040803480216034,0.004878441139036889,0.11131228749784035,0.006745900523636747,0.0324921440598439
img_00172.jpg,0.9836762991622922,0.009092432722572307,0.001139099574763692,0.0010018816150998901,0.00030658744054868855,0.0039029371350162326,0.00023138021228529378,0.0006493821374217249
img_00175.jpg,0.41233478754934627,0.20281295574003336,0.01316230870058675,0.011147597080603762,0.0023591549719298344,0.34150220126258457,0.0030827633460008596,0.013598231348914703
img_00180.jpg,0.04856100193023775,0.00263290008906022,0.0012601206335958542,0.0009304738450525823,0.003481222318726102,0.0005488484693339206,0.0010324401241688346,0.9415529925898248
img_00196.jpg,0.9939444050398262,0.002370701598965782,0.0003637137689898292,0.0008011335610017358,0.0005094326844802226,0.0011138929041603636,0.0006119994046041442,0.0002847210379719255
img_00212.jpg,0.019246671623502104,0.2786379362687961,0.06871491216781839,0.027900811921650306,0.2789884205496521,0.012534729870374638,0.01124141642265303,0.3027351011755533
img_00223.jpg,0.0554680893925429,0.7449983483897318,0.0832493649194118,0.018431938830496625,0.010214271359359574,0.039929628493550064,0.006912365415024324,0.040795993199882946
img_00230.jpg,0.04074892041373008,0.73720610724965,0.08488739538088455,0.011344231020111568,0.01834130559788057,0.05201196069592023,0.010224467792151552,0.04523561184967165
img_00232.jpg,0.06963934176144959,0.02295443488985878,0.013374512955575258,0.004391622640098563,0.002503079317748867,0.04659535271913072,0.816509444607702,0.02403221110843631
img_00244.jpg,0.01884620972148898,0.5375547194921008,0.09825013246810159,0.019685569539403248,0.03097829592075082,0.2307664146228473,0.01759538854818072,0.04632326968712656
img_00272.jpg,0.08532610594126976,0.6103301116738992,0.2414631868048345,0.007739898801285312,0.009880273810620415,0.035256944942033346,0.0022306400158938356,0.0077728380101635694
img_00280.jpg,0.11881079471256205,0.6764829353235128,0.056972630248614,0.021877379446045217,0.009363294752564267,0.022772051007828153,0.007788571509313068,0.08593234299956065
img_00282.jpg,0.15674605193938107,0.44748128866946907,0.022291714655580133,0.02847242240616919,0.0026413693411672812,0.28320828784863233,0.00942345013407209,0.04973541500552886
img_00285.jpg,0.023838272186634552,0.4232733991108181,0.07716890026702965,0.03181080185253766,0.019301459585372514,0.05735233771668422,0.10093475389631976,0.2663200753846035
img_00289.jpg,0.17383422759568531,0.5604845722688097,0.06530413732324661,0.04109606806843365,0.017216854984568458,0.04177542616934998,0.01677958970770794,0.08350912388219846
img_00292.jpg,0.05024551194247988,0.8170389066479664,0.019919817448650772,0.01710235359825077,0.009884547866418184,0.025468047193758826,0.046349280419777886,0.013991534882697396
img_00302.jpg,0.06577770241523061,0.170212529608792,0.012029116269662653,0.010793593268729236,0.0038174038798801436,0.042673641820176446,0.6664787426021639,0.02821727013536497
img_00311.jpg,0.021738511819434862,0.7645773610598711,0.10072198432642815,0.01284977840629067,0.030289615167957813,0.009295830620064189,0.004384585925862876,0.056142332674090516
img_00320.jpg,0.025299981099793766,0.7489394460049028,0.036450141978822924,0.020290550808670555,0.008477953394418125,0.07789378272051906,0.006995710355329183,0.07565243363754338
img_00331.jpg,0.08272503383852478,0.5563204560519969,0.1173478336813974,0.02211726786223578,0.020457159218037677,0.10359806748089402,0.01416550866426133,0.08326867320265234
img_00358.jpg,0.0954301387472076,0.3791703733117609,0.05916166042962912,0.015673262514289816,0.01576105530578996,0.02647313637220316,0.044925007520938,0.3634053657981815
img_00374.jpg,0.06743487651178681,0.8600950094535094,0.04796749996721053,0.003310275847015915,0.00107317774500833,0.0015370294210739377,0.005595206166184447,0.012986924888210532
img_00375.jpg,0.12294879380742123,0.017463176048645855,0.029049749802165747,0.7996695209729476,0.0028065389369327197,0.0149029814185914,0.004942319190529245,0.008216919822766159
img_00376.jpg,0.04956978950490406,0.8348699285225429,0.007644703478514976,0.01296333684747563,0.003400312281269422,0.06979970848043866,0.007182847963535717,0.014569372921318848
img_00380.jpg,0.024312829156626282,0.7511153169164018,0.13906846238450216,0.008335912561896182,0.006147433456692796,0.044696458118697865,0.005712577127740105,0.02061101027744276
img_00383.jpg,0.05947058888436121,0.4087362536205025,0.06302743986304127,0.010298171437923756,0.07983300673630087,0.02101099320113119,0.002747617013154498,0.35487592924358463
img_00398.jpg,0.025408813761567388,0.7407313860335532,0.022794506851393965,0.008248199177795693,0.01406491412845233,0.08203623880665813,0.00507286927424208,0.10164307196633723
img_00407.jpg,0.047510082807834766,0.7132759957894192,0.07949082718625865,0.015927163215948222,0.003055083218607213,0.05638079836414176,0.010073422589174817,0.07428662682861537
img_00417.jpg,0.019209979702509292,0.32525933158569265,0.046004401679673096,0.022985504864463383,0.2042738477941955,0.010271349754289238,0.01011785883725979,0.36187772578191707
img_00432.jpg,0.12073705813833559,0.38770434419384314,0.043091111156944216,0.061607236267161455,0.01526693688625639,0.21340647362668785,0.01158250784607353,0.1466043318846978
img_00442.jpg,0.0217325876137217,0.0016326632517584987,0.0028391727170061914,0.001528132063863427,0.0021364537297600115,0.0014604312713493177,0.0031263318694282455,0.9655442274831126
img_00446.jpg,0.020814484253412424,0.5599450359051952,0.11094063391862774,0.014172126303808678,0.015102389134943182,0.07189225725401292,0.0348416813247102,0.17229139190528972
img_00469.jpg,0.011405928454359001,0.5128866318941188,0.06154976126427454,0.0308845629703788,0.10318392325721164,0.04331924357972679,0.048040955934664405,0.18872899264526607
img_00473.jpg,0.028542028297527024,0.8168095065418746,0.042629856895005945,0.017002734413978378,0.031194082986677835,0.016129543176961983,0.005613068920681899,0.042079178767292565
img_00483.jpg,0.043067365996374056,0.6818712957766718,0.12643058474865693,0.012816891639424918,0.018565488699093025,0.030683402601146992,0.02402905512252826,0.06253591541610401
img_00484.jpg,0.031446589754084334,0.08693956543898744,0.14132189686213514,0.0069788375717847765,0.013839965395035353,0.012119622686192783,0.04853001837526744,0.6588235039165126
img_00486.jpg,0.2381943682870391,0.5038855806630278,0.14875823952496248,0.03265731844710776,0.04360590826736998,0.003442000384314363,0.008385088330420247,0.021071496095758323
img_00487.jpg,0.765194674259727,0.04210303531928965,0.06476331292592032,0.01929526155870721,0.03518287118537146,0.007848073014578627,0.01971339844946977,0.045899373286936225
img_00493.jpg,0.9928065894562591,0.0003546635421068429,0.00013656490862140627,0.00036006945100919546,2.2458053576269205e-05,0.0047708025454750265,0.001300249250093164,0.00024860279285869954
img_00518.jpg,0.023094037956695276,0.6191982891539547,0.030772307628408692,0.04743258128866433,0.09369855117174232,0.02593045940594092,0.015636940640906472,0.1442368327536875
img_00533.jpg,0.08430402266181088,0.7996751657173965,0.01610086975776626,0.015784357858176837,0.0219697164412419,0.02646990820508032,0.013554105750866147,0.022141853607661004
img_00538.jpg,0.03023757455998922,0.8092908006268758,0.020427074249917746,0.008161971285335426,0.012834567000462156,0.07323956608639849,0.0036983060579504896,0.04211014013307061
img_00543.jpg,0.04182924390694656,0.7857936752833962,0.10131717417884825,0.008597425025428863,0.01876139722058485,0.0077877860025024285,0.003954615272254213,0.03195868311003873
img_00550.jpg,0.10843016613363043,0.33431949058857824,0.022699836914885398,0.019027238505363735,0.0036274506482897556,0.46195534601162624,0.008712376709218511,0.0412280944884077
img_00551.jpg,0.14966827193681473,0.5775242771999547,0.09533091955839341,0.00815726597562658,0.004037018962511634,0.03379366986515991,0.0321308749071223,0.0993577015944166
img_00564.jpg,0.9682786038122821,0.0068839299988000405,0.00492373872982387,0.005905641875617305,0.0035823209598467645,0.00493654578846413,0.0017723376426371923,0.0037168811925287373
img_00575.jpg,0.039772242189368354,0.4571751920234974,0.05746335885005397,0.025939800924991423,0.021389270458054693,0.09656151655924654,0.043355487228386336,0.2583431317664014
img_00582.jpg,0.03628462916687196,0.7212610479073007,0.07963488395624949,0.017440982135247248,0.03885638644308194,0.044002757438775,0.005100478469494256,0.05741883448297934
img_00584.jpg,0.05725575391236034,0.5691822536881147,0.03395519483004324,0.05876911937610044,0.021245814767087437,0.07774081774014005,0.05389186053577873,0.12795918515037505
img_00587.jpg,0.05843906666300008,0.2512592061415996,0.07223094761108587,0.023949300472314947,0.03870983589912421,0.0462235502192612,0.009648371742721913,0.49953972125089224
img_00590.jpg,0.0832504286359505,0.019321605830531916,0.08482265501259038,0.009731160250914419,0.005462144633641482,0.008748133954758658,0.004508952154759644,0.784154919526853
img_00591.jpg,0.12614730157561965,0.2912019714087903,0.03688012144805953,0.03382521674163865,0.01889910955470252,0.12714751193024695,0.03163436192655805,0.33426440541438424
img_00598.jpg,0.038948040875256565,0.875654986555425,0.015269053571280578,0.00721944850163407,0.014635982586037021,0.039119316069272075,0.0015518418903066134,0.007601329950788227
img_00599.jpg,0.22886522902954415,0.6393548727524123,0.016279283373765746,0.007196718674115034,0.010723226152885741,0.00843603949322118,0.008691852492690666,0.08045277803136514
img_00612.jpg,0.059531313201405214,0.6659769356446513,0.013843378036586014,0.01628641486081268,0.023069445920919474,0.15230278276161843,0.011754157758147627,0.05723557181585944
img_00618.jpg,0.9279608448757334,0.03071229424880607,0.007347950175739676,0.006854785084722574,0.004436500929194388,0.0026210773079865276,0.0030064425254296384,0.017060104852387566
img_00620.jpg,0.057429758842180545,0.6263338202330414,0.129804671953757,0.05221152220292733,0.01918895506709445,0.05631169029134974,0.030664588000342056,0.02805499340930749
img_00642.jpg,0.05527547737325502,0.006558405762372011,0.00515650552815597,0.0027771013455400433,0.9207344969888354,0.002010661673319197,0.0008790519575534527,0.006608299370969102
img_00646.jpg,0.02214000089269668,0.02348736071568275,0.03712510184325893,0.019035324142060633,0.007574595166443794,0.014249596506275462,0.03537646673751948,0.8410115539960623
img_00648.jpg,0.0740802846420584,0.7770733878837365,0.05662529888167806,0.010346173077996214,0.030934193988584407,0.01005330446892787,0.003046134618796704,0.03784122243822209
img_00650.jpg,0.10202377433525943,0.04593501754276892,0.011226347272084124,0.023384732725926907,0.00957588988174413,0.20600327992805365,0.3580102010744049,0.24384075723975784
img_00654.jpg,0.03819633577407971,0.6899205707732496,0.07942508447281069,0.0299040244088236,0.005415074912561685,0.09443540736669943,0.0030645851169923675,0.059638917174783035
img_00664.jpg,0.04120034383207796,0.5979572771863526,0.0959763313956043,0.02904549689624656,0.012643093338996925,0.038640998861239804,0.01399486712383154,0.17054159136565022
img_00667.jpg,0.9936254500788578,0.0010508379705307393,0.0006388225321116835,0.0007085840392021502,0.00017599414849887743,0.0012645751543981158,0.002224915563579945,0.00031082051282052683
img_00676.jpg,0.9926353555049204,0.0011575084783300052,0.0006661963876311363,0.0007159439871754548,0.00019067590682962253,0.0018362403667841415,0.0022718691809158137,0.0005262101874133101
img_00697.jpg,0.018901049430196253,0.006161085662718646,0.02190895151029263,0.011281843852805392,0.0025478193452000875,0.002360564509539712,0.004066342310892991,0.9327723433783542
img_00708.jpg,0.03527215621830915,0.4794568479586694,0.11726860184489196,0.021517260196889498,0.056810044360127765,0.20910444603848802,0.019659757742350334,0.06091088564027381
img_00716.jpg,0.022033839146047954,0.3124916904913213,0.16104597426985645,0.007425323167835818,0.015075828234095057,0.223071873133568,0.015521371792060016,0.2433340997652154
img_00717.jpg,0.009815399420174504,0.4557776218498762,0.28809371946534007,0.05865468843557484,0.008890070465351124,0.11526091307003544,0.02582788767100773,0.03767969962264008
img_00718.jpg,0.03088918722244835,0.7749240531625348,0.026612660816163605,0.015323035872354623,0.01755580725531219,0.05414375356361157,0.010030510582890796,0.070520991524684
img_00723.jpg,0.9509884539993567,0.025858142037088416,0.006828390647169603,0.00406637761294912,0.0006302282733195704,0.00748122555021823,0.0009843777689194878,0.0031628041109787374
img_00724.jpg,0.016193231855591825,0.032133547396809264,0.019321609045546122,0.0384898995812497,0.00725997343991457,0.006730695606929303,0.07612048136106003,0.8037505617128993
img_00726.jpg,0.020014713825825963,0.8256622961056571,0.052762999496010675,0.006939590640605657,0.008878356778471569,0.03923472460554665,0.016441910292874604,0.03006540825500804
img_00729.jpg,0.12722859876568277,0.6596202373639222,0.06626295827020168,0.00944759447335493,0.010186295990368934,0.03915145055377772,0.019520547312259943,0.06858231727043167
img_00730.jpg,0.11791192809977048,0.38887697807933574,0.019887023000345082,0.03462450833057968,0.04015762751163319,0.07883254546656415,0.013759561163071655,0.30594982834870005
img_00757.jpg,0.03347036024716481,0.6846483954730304,0.06959346203213092,0.028686946773078207,0.009160230168299414,0.10632572980842063,0.028607878056913387,0.039506997440962525
img_00760.jpg,0.09561311898171898,0.005727877047900465,0.003605508207320057,0.003215126823171197,0.8810879690246003,0.0033363482958433106,0.0012849589940246778,0.006129092625420807
img_00763.jpg,0.9911378931954505,0.0023046996536940445,0.00046324069812502466,0.0009053187241831552,0.0001216459968411536,0.004142421398726846,0.0003525399620179296,0.0005722403709614023
img_00764.jpg,0.02881212690539686,0.021347563487431123,0.032878663475611455,0.03611045727540818,0.005723623485150383,0.006544842612126156,0.00605879082325414,0.8625239319356218
img_00765.jpg,0.022248898099677027,0.11456252932518926,0.3296781679739942,0.0111409100399095,0.023792952471309914,0.12856742961343584,0.1679828756451967,0.20202623683128762
img_00772.jpg,0.035728159379216896,0.11870727107370396,0.03422079063985629,0.13256306604104243,0.005305265692209799,0.3195913276230526,0.017755932890136827,0.33612818666078126
img_00773.jpg,0.049495039940443276,0.5192312421896299,0.16824598202764462,0.03352558948064517,0.009425020201239188,0.18420142200992087,0.014204700331822081,0.02167100381865492
img_00777.jpg,0.01615835392387654,0.44120508072149783,0.04009373983896828,0.01653035030710735,0.004323656091835572,0.4461703162562291,0.02568327179650389,0.009835231063981464
img_00780.jpg,0.026270560592846423,0.0689274290902325,0.018949832028194745,0.02512027107697194,0.006640208569774598,0.10033295986956565,0.07585016617889564,0.6779085725935184
img_00798.jpg,0.038191836141575994,0.8172137794874543,0.03607226998667221,0.013078916442524145,0.05009272446869504,0.009353354344890177,0.002258849516430928,0.033738269611757236
img_00808.jpg,0.031079421355520567,0.8117287838987911,0.04737045652082213,0.0073399942836625005,0.012921621405119908,0.058344216181356295,0.009824775719401175,0.021390730635326323
img_00816.jpg,0.03416578148660413,0.7547757800582366,0.056482475556093946,0.023783637814294826,0.006816197638189692,0.027298396492305983,0.01874770455525035,0.07793002639902441
img_00828.jpg,0.9950634113295865,0.0006981774148044853,4.2976243247982015e-05,0.002769890693326709,3.571221294532922e-05,0.0012399793385432446,3.7918557591762935e-05,0.0001119342099542274
img_00833.jpg,0.05002291615224078,0.32562037470082034,0.13777578537979893,0.00889555626082078,0.011397498354904138,0.2785192739442,0.057533443384734984,0.13023515182248005
img_00837.jpg,0.0950342127815177,0.4832911997687463,0.042870785603323865,0.013952983901266924,0.009756944382305415,0.3230223302057936,0.014519931895331007,0.017551611461715293
img_00855.jpg,0.026062027754234055,0.7559753273262281,0.047644407003571684,0.00408972932574212,0.01067776439167021,0.07330027210150211,0.004796649872178208,0.0774538222248735
img_00857.jpg,0.02965604212895738,0.7562961385695632,0.06137637170384682,0.019059144514084036,0.00910263489778061,0.07808472972611001,0.01329172101410624,0.033133217445551796
img_00858.jpg,0.039960226933733745,0.678171577717511,0.053969884074860135,0.02505345075178682,0.013295363621074698,0.055796574511066774,0.04763293102005998,0.0861199913699068
img_00865.jpg,0.025309408759821073,0.8376783372369812,0.07669312915914639,0.00536503950337997,0.005445635722285596,0.032322234660834046,0.0031009478547944364,0.014085267102757239
img_00876.jpg,0.9931357677734931,0.0011094820976809872,0.0004295547094580494,0.0006762977264155004,0.0001484808809036222,0.002373020602408361,0.0017884956267730364,0.0003389005828675106
img_00889.jpg,0.7914790264381508,0.09971717538632899,0.04064149444472128,0.007363752565014436,0.0028488305653251926,0.010097820796952948,0.010494669126071242,0.037357230677434926
img_00894.jpg,0.2979007454264576,0.6469166765061255,0.009712539065566501,0.0058111187344962985,0.0017937926418022821,0.006020535575131437,0.0010336949378172626,0.030810897112602997
img_00902.jpg,0.12156556058243945,0.004999204158166735,0.003962040693244183,0.001509751258283217,0.0008072423903464174,0.003979032768223981,0.8544265572701822,0.00875061087911383
img_00914.jpg,0.03693177250843925,0.0030904105185105535,0.028858163898487124,0.010475772475955476,0.0019379802049836559,0.0021067337514460937,0.0017863313005329845,0.9148128353416449
img_00921.jpg,0.06754159792253225,0.5213159940667128,0.03582942815017295,0.007562068550294335,0.003118971762950366,0.038292021833401794,0.15520554589856286,0.17113437181537267
img_00927.jpg,0.040400151979099796,0.043114034341380954,0.21917268301795018,0.008659289901064406,0.0074861225392418495,0.008687200479704926,0.0028045419202231466,0.6696759758213348
img_00943.jpg,0.01860226233313674,0.6913877562389541,0.14415752336790086,0.017604665392007553,0.017399777425286755,0.025696204190788177,0.021135663333951935,0.06401614771797387
img_00948.jpg,0.9763668716815157,0.014888309121193736,0.0020826827288209964,0.002402795833047381,0.0005419355340644887,0.0018059899030893139,0.001202101025851454,0.0007093141724168096
img_00950.jpg,0.9671627409612553,0.012226004533498584,0.002146093431405455,0.007963366277033451,0.0003808518933279773,0.005254656320677069,0.0021452777218996626,0.002721008860902399
img_00959.jpg,0.032363425151801975,0.7041401603822676,0.043125784544897225,0.014561552628340685,0.010371921258393327,0.1056080569953994,0.025846991275630712,0.06398210776326915
img_00962.jpg,0.11499204932048007,0.3138215381750419,0.12918047203749883,0.016953001712220757,0.006711573144777315,0.03852749544118214,0.02987374508753483,0.3499401250812642
img_00964.jpg,0.032027033441181955,0.0034728009580498125,0.004250592883258694,0.9426442719063656,0.0017956419036627795,0.0019990162881233556,0.0005963320431954709,0.01321431057616237
img_00966.jpg,0.5244613147272117,0.31989228585571905,0.015613171976852894,0.012005742013269503,0.002649276925095523,0.06762122329694183,0.001760031061539967,0.05599695414336959
img_00974.jpg,0.025264826680213515,0.613864606718248,0.05835319208968786,0.012648256225204317,0.00974685403257908,0.010170426064815679,0.01176349503201376,0.25818834315723765
img_00979.jpg,0.041882304604309584,0.0145931643174702,0.029289598903642914,0.02566836508726257,0.004918112808130451,0.016684811230765165,0.014286981225680437,0.8526766618227387
img_00982.jpg,0.5186485655637606,0.20315228465420349,0.13043835519372587,0.009202887618383913,0.004789639400176923,0.10275070343859757,0.014350130084621498,0.016667434046530347
img_00985.jpg,0.056073802691652325,0.8248929001293437,0.02468468923413434,0.015476136402511182,0.02447737768253198,0.02462268677370369,0.018120279976644685,0.011652127109478074
img_00999.jpg,0.024564374563669125,0.4962097951224756,0.06419088513056645,0.0585671560378183,0.029966228615611667,0.03631556875781044,0.19000724958245319,0.10017874218959534
img_01022.jpg,0.027545947752147883,0.5870150805791565,0.03488601794335647,0.009091171790619829,0.014476714668507503,0.3005442924839529,0.010664122917327407,0.015776651864931306
img_01031.jpg,0.08660267719863429,0.46336859817935555,0.039167744791790186,0.01532621861664473,0.0070704916117875615,0.333800717629348,0.023313938325015948,0.03134961364742367
img_01035.jpg,0.011604694139567464,0.4499803825211076,0.03703093335064162,0.02645911343467279,0.010669353760550428,0.41616476686864634,0.03199572745845546,0.01609502846635834
img_01043.jpg,0.37686378822658195,0.18465895748106181,0.019795692931466324,0.050143419818622026,0.005517945754443629,0.11478190028658339,0.1572333678232142,0.09100492767802665
img_01058.jpg,0.10125931235352054,0.5317591559612526,0.06619805810090285,0.03705134836574928,0.011844130637731503,0.022539710811094998,0.0068677030625554905,0.22248058070719268
img_01059.jpg,0.015227355587820362,0.016222216693412807,0.02667138525793684,0.00788529773676469,0.005401491752607694,0.019311552400559314,0.012015882575986184,0.8972648179949121
img_01090.jpg,0.9889639985815055,0.0011248005884366937,0.00034111815717619183,0.00532124130771469,0.00014733413004382239,0.0012951792354980905,0.00010292306965473885,0.0027034049299703325
img_01102.jpg,0.10511816074238295,0.14422895161576474,0.5415203695015878,0.012909892949491008,0.04623169281649083,0.007545873599395274,0.006098567938431366,0.136346490836456
img_01103.jpg,0.06713178746739853,0.056436172913021186,0.06532117230829944,0.025314178255102446,0.02394916517370458,0.01786105023975163,0.09462132338413176,0.6493651502585903
img_01116.jpg,0.19027312877042243,0.5886693552475606,0.025686677688309345,0.03743627630069047,0.08986709720343201,0.020467883704979865,0.001672315955294085,0.045927265129311036
img_01134.jpg,0.030540703211496,0.6069896558283332,0.08787572908551344,0.017728837055675822,0.010580381301298937,0.16031722032156273,0.03803549307886185,0.04793198011725804
img_01142.jpg,0.993416807125082,0.0006393577950671595,0.0029816534197160058,0.0010869891324356898,0.0004728832051881168,0.00011551630851696281,0.00012125965217798826,0.001165533361816005
img_01168.jpg,0.19215352610860678,0.04903953347623621,0.07484020108962061,0.006883652239518681,0.0038824108162572885,0.6394617635230212,0.013913973473732891,0.019824939273006336
img_01171.jpg,0.9916561977192133,0.001477047039194038,0.0004174648014338064,0.001128430032195195,0.00011793219268943709,0.004370981642213848,0.00034922706746181323,0.00048271950559861825
img_01177.jpg,0.888239949697505,0.05170572128990455,0.014983944559308071,0.00522035428720915,0.005822678100747346,0.01688057349539191,0.005807487822984694,0.011339290746949487
img_01179.jpg,0.06882154446732129,0.8666829698812714,0.016167294241530603,0.006376253628899882,0.0032367350946804355,0.03085697932543541,0.002827639025035499,0.005030584335825699
img_01188.jpg,0.016736676073511828,0.07357822033098954,0.28812122522518463,0.02003395888194706,0.025164650032803652,0.37135944848532504,0.10830480174970081,0.09670101922053756
img_01198.jpg,0.3705113715102642,0.35418497362280005,0.08192945976360155,0.043442414643719125,0.03224373891957212,0.03986286600962987,0.020408191464343174,0.05741698406606979
img_01204.jpg,0.9926883935299131,0.0011421651093027057,0.0006682858397835093,0.000692982737100525,0.00019196903402624892,0.002154966134214169,0.0020017706965819986,0.00045946691907789263
img_01208.jpg,0.970924019523983,0.013495316282733004,0.0015568845171211525,0.005282554856505148,0.0004385906081049948,0.003856449861960528,0.002553115453136098,0.0018930688964559669
img_01211.jpg,0.07165379112609023,0.545368452236912,0.3101957362103092,0.01637299540043893,0.026516349078845255,0.0075483742902178845,0.003027976596253805,0.019316325060932688
img_01213.jpg,0.03544228710863951,0.44435787011069877,0.40925123611541664,0.006361954344678927,0.005277635696859924,0.013265848673618868,0.010520256189709533,0.0755229117603777
img_01222.jpg,0.014123569273465407,0.3517298494542249,0.19673658509330474,0.02454680648039819,0.17870636612790652,0.01833124999701432,0.022045220465299227,0.19378035310838668
img_01224.jpg,0.05134154146422602,0.01866932990699677,0.030589147764795564,0.1869562037360687,0.007607466655737496,0.00752988540506098,0.008937136543530672,0.6883692885235838
img_01237.jpg,0.9794001581121274,0.01502260331706861,0.0005002616808975121,0.0006197936969482159,7.257333496372517e-05,0.0019286360993091584,0.0002627190355649728,0.002193254723120399
img_01249.jpg,0.8797462786776884,0.040756594592800816,0.02834080341362888,0.017071425899530868,0.005656538214767684,0.01708041400845599,0.004348937393517476,0.006999007799609882
img_01253.jpg,0.02156010761264411,0.0017811737116086872,0.006087933852265933,0.007734788902257055,0.004901213849132393,0.002591724757601542,0.003392311204227319,0.951950746110263
img_01286.jpg,0.1485526085603926,0.019912821865036682,0.0359209396022902,0.0052873552035118294,0.008824143726150502,0.0067458295652755304,0.007475867933223627,0.767280433544119
img_01289.jpg,0.019030156638581475,0.010656568350150318,0.03469393882856198,0.009066829348965633,0.006485260122841758,0.01754180845661009,0.00916678822056329,0.8933586500337255
img_01325.jpg,0.9810272282741284,0.00967335983110884,0.0013900457366994422,0.0016077380481272856,0.0005576734722780935,0.002411624226704227,0.0024823122311660112,0.0008500181797879942
img_01328.jpg,0.02686461649589902,0.5348197807179155,0.3512607893440828,0.011831582580707102,0.008819133023856538,0.019975971889781056,0.013237932775787976,0.033190193171970035
img_01366.jpg,0.28135582124729913,0.2019945155540102,0.025287213233594848,0.016511060836198785,0.0031896832082083794,0.41856159098953405,0.008338015923601332,0.04476209900755323
img_01371.jpg,0.05603004542656274,0.5524784818102862,0.15843170855254396,0.01472385788325605,0.013491703211868322,0.07234509549020318,0.008702555609043018,0.12379655201623647
img_01373.jpg,0.9305084260730915,0.01000638661787413,0.0006579207803259564,0.0017969600810142587,0.0001374188738036061,0.05579645179605861,0.0004148370524977792,0.0006815987253343554
img_01377.jpg,0.4385977863813967,0.29362644732124116,0.012941654073689687,0.007578738858910152,0.0011899065564106926,0.2289158884808317,0.005505414862800034,0.01164416346472004
img_01379.jpg,0.03213309597451637,0.5547592015303655,0.051991791213425946,0.09268452512947227,0.0461487208420298,0.13581082617156726,0.01954245105630834,0.06692938808231458
img_01384.jpg,0.039154223864911554,0.25949500457965613,0.024757079427193705,0.06782884615303637,0.008511971854168568,0.40689500108847426,0.013512741385048663,0.1798451316475106
img_01388.jpg,0.03311030016302785,0.7055846579333322,0.11419557836397984,0.009490296491370261,0.01011533919329074,0.06538341688826983,0.04123081084128773,0.020889600125441568
img_01392.jpg,0.03303594835672806,0.022199047982746967,0.019888399000107953,0.8598796280523359,0.005180382927412474,0.012804488387069572,0.005858238609228108,0.04115386668437118
img_01399.jpg,0.01340268349828922,0.025093868209017215,0.7622239489513783,0.1306463617517096,0.0009672022292617756,0.03858407825087122,0.006948366457007563,0.022133490652465317
img_01404.jpg,0.009244498328778931,0.655182528782744,0.01969241751929488,0.008180358559779898,0.0393426295992497,0.11984510085868863,0.005292874406444667,0.14321959194501954
img_01405.jpg,0.044268740845333776,0.6253704162589442,0.07465812075959304,0.0665546111855431,0.02226779700187595,0.14349100810602364,0.008810956406772267,0.014578349435913886
img_01413.jpg,0.05319640873094239,0.846156383707274,0.041495281679462544,0.006100102022280957,0.0038956911127865745,0.03347973464564361,0.006515533447880422,0.009160864653729756
img_01426.jpg,0.03711680223820967,0.18057160871442715,0.12204700199802274,0.013157864550345377,0.004139642076547905,0.033945714805588986,0.4921523199359081,0.11686904568095005
img_01431.jpg,0.06229615012411365,0.006285783891635481,0.0049399387105430615,0.003637980858907714,0.9097769036700144,0.0020895166080534323,0.001813293217571443,0.009160432919160801
img_01441.jpg,0.03997248370871519,0.005206928654112132,0.006222905939681966,0.004196113876653171,0.002578313608331159,0.0015643554848018884,0.009189048293665918,0.9310698504340387
img_01444.jpg,0.02571787686225717,0.3115418527947876,0.03830923297834307,0.01712295853198115,0.014380053764324097,0.020411739572447712,0.10585207405339946,0.46666421144245973
img_01490.jpg,0.021679759463606573,0.05663580983861037,0.045906564343952655,0.031142330830523725,0.008230599682208411,0.0129936220060226,0.006282679182556988,0.8171286346525186
img_01495.jpg,0.05393923482796824,0.45817486112223865,0.07319756612609997,0.01789529359561331,0.014764692313027123,0.10433064567654243,0.01950006222695302,0.2581976441115573
img_01505.jpg,0.9924297903873229,0.003512723652565101,0.0005513319697271085,0.001016596575440214,0.0003588139523512815,0.0009541336427906516,0.000591828512397535,0.0005847813074050784
img_01511.jpg,0.04231884513652509,0.3511441917839204,0.16523930342842763,0.22288875759781657,0.00894872602127817,0.15849838775400688,0.014333018194646665,0.03662877008337851
img_01519.jpg,0.026197937543983786,0.2985174039872648,0.09333967575103111,0.025585202452506416,0.01683791536049392,0.03439835070085315,0.24857709352817692,0.25654642067568995
img_01530.jpg,0.1493279901142193,0.6969333506586177,0.0620381574985552,0.010295082952326496,0.016647479125554684,0.019103987678921328,0.008065885773510681,0.03758806619829462
img_01537.jpg,0.18979042078984026,0.3730466914055408,0.0563221935820676,0.04732786526908574,0.00940826561757008,0.21947834879222772,0.05604988718734959,0.04857632735631834
img_01538.jpg,0.008439164254009061,0.49479406131614506,0.14730758111484943,0.05832750248619206,0.034970254943989906,0.14251945161201077,0.02818750608383093,0.0854544781889729
img_01541.jpg,0.9973437850700825,0.00014987949530082982,2.576153070861301e-05,0.0015776916067977442,1.0194154985251645e-05,0.0008200307996922511,3.255661939943006e-05,4.0100723033239873e-05
img_01543.jpg,0.05449239530163942,0.8191170538980124,0.04497326983227536,0.008526472068494627,0.009826867348296643,0.01250487712722695,0.007907607448396428,0.04265145697565825
img_01548.jpg,0.03492004795029543,0.7681482356133377,0.035725490800127054,0.010112789800849066,0.0039498697554561915,0.09348841011560018,0.0113469478199801,0.04230820814435406
img_01552.jpg,0.07039275186261468,0.7098330319910333,0.03187169264737318,0.01346437583011421,0.005581298393124169,0.08270532979714616,0.011166245979148205,0.07498527349944599
img_01561.jpg,0.9871701812377692,0.006671822099493197,0.00034496681838439095,0.0044424825736632985,0.0002897579607094149,0.0003394955475550616,0.0002637208218233458,0.0004775729406019785
img_01562.jpg,0.03448682454310237,0.7461404054291995,0.07290981127428581,0.009701949244968002,0.016630019043173485,0.024752248774831093,0.013389426179590559,0.08198931551084894
img_01571.jpg,0.023510627767471114,0.7868982302577386,0.13974604893190146,0.007164334595236098,0.006279842021118552,0.004849355346605493,0.012421290075619866,0.019130271004308665
img_01593.jpg,0.02729782838584323,0.27038492997654523,0.46901182921048257,0.019575267623207628,0.05130416882689952,0.01986025746663701,0.012680029128803753,0.12988568938158104
img_01595.jpg,0.4686091245759222,0.1146777905901343,0.03733127172668554,0.16234027241912666,0.02062938122222573,0.010182188312332356,0.005189941548035983,0.18104002960553722
img_01616.jpg,0.019220917402030836,0.3758048762180323,0.3751326173466989,0.013746490034641562,0.01620262198503393,0.03487600195071113,0.013491707699102382,0.15152476736374884
img_01618.jpg,0.033098941499378996,0.5970557566429916,0.044863188750310166,0.017416808580123802,0.1292894217544907,0.12380486490785218,0.019563022857788038,0.03490799500706455
img_01627.jpg,0.1539801418565131,0.7410412516030922,0.022356502942192293,0.008347036651376736,0.00827127446224761,0.022440250409092196,0.004123147938415161,0.039440394137070685
img_01632.jpg,0.8107495148289389,0.13802588903926313,0.00464148841894362,0.0034785525080978713,0.0015963940925485095,0.007455011534665248,0.000626460981089109,0.03342668859645365
img_01633.jpg,0.03349748571399547,0.3716039170233201,0.03176342054831235,0.029744704277082874,0.0199613243704804,0.36056358666359495,0.01890046295429543,0.13396509844891855
img_01640.jpg,0.039966304883199,0.7747248166644674,0.06380711801100804,0.014132308953138736,0.0409669509067835,0.012677214787260508,0.009421479739115605,0.0443038060550271
img_01646.jpg,0.014606499638587823,0.8489032245967059,0.05097397353623548,0.0093374287581438,0.011075051914712404,0.027331058047079207,0.0024557321711920514,0.03531703133734348
img_01647.jpg,0.9910438734181616,0.0007556006673564209,0.00027970370362826006,0.0007065461659898201,7.1220084580626e-05,0.005960053880754568,0.0008828619161906374,0.00030014016333812835
img_01649.jpg,0.18832605262564436,0.5902622623574065,0.051804437764760576,0.024643484169029756,0.01555289497514691,0.04720974132928489,0.031102932194579293,0.05109819458414763
img_01657.jpg,0.03725392523513743,0.010637853392464395,0.03718320467400961,0.6840184407959211,0.0037639127767739194,0.00497034766529817,0.007758154147248508,0.21441416131314697
img_01669.jpg,0.06349295921180649,0.006940122304423564,0.003722240759110629,0.0029679614558909087,0.9093381522305407,0.004167914915355545,0.000919631533338362,0.008451017589533536
img_01673.jpg,0.05003784566095168,0.5780366989394072,0.03989294640795873,0.05343812513235713,0.019952850031404325,0.09726419833910416,0.0869815558050737,0.07439577968374322
img_01681.jpg,0.028243078041574592,0.3389468882133863,0.19878333083070332,0.06023117790300749,0.02256398551895891,0.009305421857744285,0.010496175028315508,0.3314299426063097
img_01684.jpg,0.023814909485708247,0.8015161378805109,0.04087814316471347,0.00741822987378197,0.023736777234190768,0.0320734742399105,0.011580822869405222,0.05898150525177893
img_01685.jpg,0.9751174455622473,0.003649058231744326,0.000220401778485576,0.0011335730289997108,0.00016467920950880057,0.018630009566721804,0.00021352353938187637,0.0008713090829107529
img_01687.jpg,0.0441498431566017,0.7634457314491987,0.036548937553843995,0.020178046954366546,0.01679744141989652,0.017537216574824786,0.04591023635086136,0.05543254654040651
img_01688.jpg,0.017577140861187335,0.020193365092889815,0.043508867513639034,0.018301555014125555,0.00987708660437546,0.035678434323163685,0.022336897228869803,0.8325266533617494
img_01689.jpg,0.021027006053494248,0.029714467655454935,0.021542492662499697,0.012868013676286686,0.0035157100345606512,0.038265812826922374,0.02663902194950595,0.8464274751412755
img_01716.jpg,0.9961396604244454,0.0012838042163595958,7.643383126609439e-05,0.0003329035571289035,7.338882182072845e-05,0.001982067865456443,4.7192428198001855e-05,6.454885532464032e-05
img_01717.jpg,0.957015365485686,0.013840839086828427,0.0053558620708194764,0.0009378719006126648,0.00178989159295829,0.00123695855794721,0.01758907234264705,0.0022341389625009085
img_01724.jpg,0.05147599347402439,0.5386774656057007,0.03185254651775632,0.051423124467380496,0.009678542617274773,0.19241496044985362,0.057023435558129415,0.06745393130988013
