image,NoF,ALB,BET,DOL,LAG,OTHER,SHARK,YFT
img_00005.jpg,0.9804987227791122,0.009254996281467358,0.0016690434245431127,0.002572776597765973,0.00019948255873464794,0.001991011789817287,0.0008709260602031491,0.0029430405083560804
img_00007.jpg,0.15221020367811885,0.32518245916963684,0.0027058783344160705,0.0010880722363745573,0.00472571908796483,0.009099518613975652,0.0032790115365391604,0.5017091373429741
img_00009.jpg,0.14485861290838783,0.44184962595751087,0.135853473090969,0.006409806846458615,0.0021004093555275446,0.25099962790221125,0.0012024925560585348,0.01672595138287657
img_00018.jpg,0.023214541242120242,0.6299737936730823,0.13979846246102198,0.0009335862741750072,0.00219980511498919,0.19542881368503476,0.0013623664347713741,0.007088631114805151
img_00027.jpg,0.045047803971128654,0.12884392354682422,0.029809678775082765,0.025246809568494174,0.0012729800532295945,0.09617339774646558,0.005082917327932829,0.6685224890108421
img_00030.jpg,0.5983267678456401,0.2987730634430637,0.013343420629626833,0.010900123855615769,0.013376119520464018,0.04720730043671981,0.0029541194150953204,0.015119084853774455
img_00040.jpg,0.061958495109302854,0.026456196187108663,0.00048357574468642334,0.0010807900965420995,0.00023567274792676225,0.016343239133799457,0.8871567632344407,0.006285267746193084
img_00046.jpg,0.9358810991328625,0.05349237021828965,0.0013728773162529724,0.002344720443766768,0.00012784085208431177,0.00205072682171932,0.00032540501651661644,0.004404960198507757
img_00053.jpg,0.2058474123714679,0.6455873855523803,0.028509090324944825,0.00479383018986706,0.0011616646427911662,0.1037368797899879,0.0023906609715982513,0.00797307615696273
img_00071.jpg,0.0025183874547131894,0.003846380732110064,0.002054632931768813,0.00016186504036368423,0.9905849349916591,0.0004216919984149092,8.413302249893742e-05,0.0003279738284710788
img_00075.jpg,0.010232958862217914,0.40233630526510333,0.0913040268661139,0.02385197072171766,0.004328441289853401,0.4363523893038091,0.0007506806723035594,0.030843227018881064
img_00102.jpg,0.25495463450429046,0.3230013974412785,0.017924719882060798,0.005818860170168285,0.0051234987746544515,0.03832486369757057,0.016524444897840707,0.3383275806321362
img_00103.jpg,0.0540196111612195,0.409894417338199,0.055217137602146894,0.36027473301870205,0.008044777600540964,0.07553730124931247,0.0010957541469677696,0.03591626788291143
img_00109.jpg,0.08068646060695521,0.5255263923201671,0.025051495091453494,0.005633534083514629,0.0020980621316599372,0.328704112937289,0.009007221136558356,0.023292721692402416
img_00119.jpg,0.9960667502188224,0.0032856608002404374,0.00021388836416281302,0.00010794993048329638,3.331423390236319e-05,6.421878167547298e-05,4.849651502800057e-05,0.00017972115568502068
img_00120.jpg,0.02329047835703318,0.908087613972646,0.011211802114579733,0.0001335872814043656,0.0008016145851984134,0.0022586279652112616,0.0015313488164746226,0.05268492690745246
img_00125.jpg,0.042344100465589556,0.8761836520070522,0.04941754826362658,0.00023075172840274173,0.0009457316971345812,0.012155349042748762,0.0004464920922317564,0.01827637470321383
img_00128.jpg,0.04144209134255488,0.03339358510156868,0.09743512358195731,0.33930142399546714,0.0011272195396361676,0.03907536608823104,0.006784969165080594,0.4414402211855041
img_00129.jpg,0.2906701033793903,0.04910514083844812,0.002476889366044213,0.004065472599575843,0.0004110901437332791,0.02049869463430012,0.6122302033386469,0.02054240569986128
img_00133.jpg,0.6541092703307009,0.23124710554021363,0.016787644706685728,0.019365607106539166,0.02600909739840358,0.01822831931319241,0.0008254394980378437,0.03342751610622695
img_00138.jpg,0.11202519677638055,0.4721924377715272,0.27890745591579147,0.010920128079607625,0.003959858938991315,0.03193202666171371,0.013513908180923333,0.07654898767506488
img_00141.jpg,0.0051016401905699645,0.0016906380850571535,0.006029303476706343,0.0018147664554884974,7.18874561266887e-05,0.00038389191963523117,0.00116938408637591,0.9837384883300402
img_00152.jpg,0.09514306442294752,0.18996845195406517,0.10976556124577312,0.024825725317255944,0.0031757294737866813,0.10027057354205847,0.019825989414028876,0.45702490463008427
img_00161.jpg,0.00013629455996244744,4.417541466602297e-05,2.415737934241047e-05,1.0747964929611817e-05,3.921127580655413e-06,3.0858242685455406e-06,1.1931622951495694e-05,0.9997656861062987
img_00164.jpg,0.9734678880149693,0.01532273731202894,0.0019679525493213608,0.0015692582561172945,0.0003555985176142344,0.0017922522697080639,0.0004945056092985461,0.0050298074709419615
img_00170.jpg,0.0659725749942494,0.11102368200733756,0.011985835173499295,0.004185056123692874,0.7403131604333043,0.002558326290177904,0.00045848537448548766,0.06350287960325326
img_00171.jpg,0.29614321329149496,0.3688148545929712,0.012175919911558343,0.020076034817340306,0.001247823188563156,0.26099445289480194,0.0015323068602292552,0.0390153944430407
img_00172.jpg,0.2653580899153745,0.23218134571135762,0.05832426264740445,0.05162955547805518,0.02855045011314223,0.32243075122959675,0.004975303304223695,0.03655024160084546
img_00175.jpg,0.20046851851036476,0.16988163857785718,0.0027246503213025105,0.014668810831641555,0.0004220250022815717,0.6010433764917645,0.0005685863716554323,0.010222393893132425
img_00180.jpg,8.059710262482185e-05,0.0003122869995072916,5.451128886821731e-05,3.2499351800743718e-06,5.94920551770204e-06,2.0086901523092735e-06,5.844286676993359e-07,0.9995408123494819
img_00196.jpg,0.9819602580508733,0.013581503397112548,0.0008826623946676921,0.0003906932964975895,9.459125047568833e-05,0.000671265817133647,0.00034878846191272963,0.0020702373313268847
img_00212.jpg,0.034385167630214535,0.3523105375279723,0.0619854289164897,0.008094233215785113,0.06105481121478049,0.004670500254474437,0.0026209733498139555,0.4748783478904694
img_00223.jpg,0.1950789941582781,0.6423424513676251,0.05794141514935161,0.015722455716371604,0.007523338299354692,0.030034251045965858,0.010859644105728598,0.04049745015732418
img_00230.jpg,0.08423755089042403,0.7443574948346454,0.10038598730250943,0.0017812759566439335,0.009116574971622798,0.03296114837307551,0.002395051934949651,0.024764915736129007
img_00232.jpg,0.04768562785100374,0.011157824943709807,0.017101855359838956,0.0004098248583775777,0.0014269720665936372,0.00688772192394738,0.8877766468459681,0.027553526150560673
img_00244.jpg,0.07149250773644959,0.4618029423658454,0.10530096588117563,0.002664951847116712,0.006506460717239126,0.3053332104594269,0.006628313890402305,0.04027064710234426
img_00272.jpg,0.37310418288547054,0.4504033543183122,0.07047455840674721,0.012826918767145486,0.020175666928640732,0.04606856792561946,0.0017496207208952163,0.02519713004716921
img_00280.jpg,0.026630095962477222,0.9114506521334448,0.012116500006071883,0.0005098074300689784,0.00023762609328442584,0.008623685078090299,0.000170685701788265,0.04026094759477433
img_00282.jpg,0.2798776072804194,0.3756731245650203,0.031876163561655124,0.020818072585558338,0.0017894261723799512,0.2474404406508006,0.0019285542174622145,0.04059661096670405
img_00285.jpg,0.03674627868083955,0.4514761165950028,0.03740353384267457,0.0004422408028323018,0.00028284987416379875,0.03599233156040295,0.007050562041652083,0.43060608660243194
img_00289.jpg,0.7881514679315907,0.14527697738436965,0.016136576154662373,0.0069360094330523725,0.0020088531505143906,0.008050697061037105,0.0009002741349917052,0.032539144749781666
img_00292.jpg,0.2045185929701913,0.5924241697746113,0.0063515662947564505,0.0024195232203335646,0.0006138911769862357,0.1699748695848173,0.011682413474571293,0.012014973503732538
img_00302.jpg,0.10431082432757989,0.03515653157416069,0.0010086735998579453,0.000939438591732666,0.00034579733399992376,0.019431750518768935,0.8344052274188047,0.004401756635095207
img_00311.jpg,0.03739733043425714,0.9426726792495667,0.004990127593627525,0.00011676384272783572,0.00218685613048029,0.006627528638017885,0.00013141653499326993,0.005877297576329299
img_00320.jpg,0.0018888463125386707,0.924621511746615,0.002123212979656887,6.620658130271272e-05,7.998252895672341e-05,0.06491122652764417,4.0395263292410486e-05,0.006268618059993428
img_00331.jpg,0.061941890285988815,0.8092946093652644,0.026167519304524624,0.0010872499911075955,0.0017818621859330573,0.039292097018733804,0.0013079491431257392,0.05912682270532201
img_00358.jpg,0.1262833241865502,0.36805094021389717,0.032829280668516155,0.008980743428420748,0.006360088407701335,0.09452927900546468,0.015544001517926237,0.3474223425715234
img_00374.jpg,0.18083524508079354,0.4005209555988846,0.09609532963633619,0.010738667406637665,0.008068457801463445,0.012199593629448512,0.01974339468509719,0.27179835616133874
img_00375.jpg,0.13803807843440577,0.013949365293911751,0.011765017393453125,0.8106823287917885,0.0003700968792931855,0.02309228536317894,0.00039175774821245836,0.0017110700957565653
img_00376.jpg,0.04342057179912849,0.8744409327830771,0.0031086116015682915,0.0006858818612717709,0.0003594556361971518,0.06657426573646148,0.0012330730712237768,0.010177207511072147
img_00380.jpg,0.15393209681915415,0.6874169351672217,0.05515746377167053,0.004181253473579236,0.010151872335415826,0.05975394518897486,0.0011810461465577237,0.028225387097425964
img_00383.jpg,0.12308675472067414,0.8363065184178828,0.02983996238841711,8.068264063489711e-05,0.0014653453169953907,0.0003391169159607922,9.307819768123632e-06,0.008872311779666853
img_00398.jpg,0.04212540476199582,0.8017274529088584,0.04200346171126432,0.000586195517659794,0.0021422413281592966,0.050265205992464916,0.0015356844273038367,0.05961435335229388
img_00407.jpg,0.047553335853360565,0.8361318437612162,0.016805890649595954,0.0012502310998050677,0.0005367997991709431,0.04995211001655392,0.005575482682813096,0.04219430613748429
img_00417.jpg,0.021823214898591837,0.28999647092183684,0.054082521242447223,0.004022946333267073,0.04484729047554905,0.0032030802627379,0.001286946885842053,0.580737528979728
img_00432.jpg,0.2650726504293997,0.4347632517627247,0.04158394963837725,0.01880312040115155,0.00637157325742875,0.1987267530979895,0.0017506111836296733,0.032928090229298955
img_00442.jpg,0.00030443124709339487,0.00016226153170413208,0.00046428717361367717,4.5615423634051874e-06,4.100318739280802e-06,6.3456790507027046e-06,6.128478955412184e-05,0.9989927277178812
img_00446.jpg,0.04789551803553182,0.8920697347822492,0.002841579944164421,0.00031398828693273513,0.0008489847907339952,0.010787607749456444,0.004499352304250727,0.040743234106680584
img_00469.jpg,0.123414232837626,0.4775179735077775,0.09716286378031501,0.015411996319582323,0.05681808509590355,0.033114102666759064,0.022892639635803177,0.17366810615623335
img_00473.jpg,0.12629412057472142,0.705775530663331,0.07602877256611944,0.002113064710000988,0.013626507510720713,0.014696355970931812,0.005866149258401647,0.055599498745772954
img_00483.jpg,0.049942577886379326,0.6224711200867156,0.2367595126431349,0.0002521401325705016,0.0020359133477658984,0.0067200581938089525,0.00048211947887723353,0.08133655823074766
img_00484.jpg,0.009019273531194454,0.0324771612563421,0.01589489301871607,0.00039890214124979113,0.0017985690272775794,0.0005488046346448089,0.002841215670347846,0.9370211807202273
img_00486.jpg,0.22933964602518286,0.3306174375968412,0.17571445296334176,0.08079079094576183,0.030902707850820086,0.015810150327540122,0.019491353772933796,0.11733346051757834
img_00487.jpg,0.7568583426180363,0.05976795541400502,0.07165781545121892,0.011447612592240327,0.03923570484080429,0.009251296118027585,0.01024819517273925,0.041533077792928336
img_00493.jpg,0.9476535180713991,0.012247362147476277,0.003885490238785935,0.00680963773381173,0.0004500315358480149,0.01811307295907687,0.006192723852772217,0.004648163460829919
img_00518.jpg,0.25165723500262216,0.48825198034885153,0.008448015647109706,0.009796361894989641,0.003908350987154927,0.09323676188843065,0.009444820511302007,0.1352564737195393
img_00533.jpg,0.24691161508588869,0.3178014055318425,0.02859394107542044,0.011138745988208404,0.0034810512580744236,0.01464072489460847,0.01096985356744496,0.366462662598512
img_00538.jpg,0.11565627607706966,0.8088712264475103,0.008890827591405106,0.0015880464049528463,0.00196518636709452,0.021982968804137783,0.0010073666272971142,0.04003810168053254
img_00543.jpg,0.02191554929693363,0.8769925334810077,0.0722719216713276,0.00033391413822841,0.0032884662203496165,0.004846186366671831,0.00024148221114374645,0.02010994661433751
img_00550.jpg,0.07198843752626483,0.3680249609948573,0.02659796910629268,0.0023444166759323,0.0008002394787453756,0.5210449476109054,0.0005176064873132224,0.008681422119688977
img_00551.jpg,0.01269733382459897,0.6258685595895168,0.09378743901409692,0.0014063746588113058,0.0011058810568756292,0.10954656939905176,0.09738420029090986,0.05820364216613881
img_00564.jpg,0.8183050499655161,0.044167838119668415,0.016986836553466497,0.050576889775022366,0.018513684571819223,0.029640895592860872,0.004405434213827984,0.01740337120781862
img_00575.jpg,0.012747606598170721,0.6011408348132455,0.02369440073871233,0.000567180495178553,0.0008202871641413228,0.019201936154427852,0.0031739112388197003,0.33865384279730393
img_00582.jpg,0.010417216037936779,0.8795083520944429,0.06463834827494827,0.0018533555244208183,0.005833802810597362,0.033448575761386164,0.00026468722575210765,0.004035662270515705
img_00584.jpg,0.3067712913809792,0.5940015125738466,0.004502266541943156,0.0026916411518619074,0.0016598688403563395,0.04834398945994081,0.008034644276675896,0.033994785774396054
img_00587.jpg,0.008104660862191354,0.17695061264397124,0.01866434313310756,0.0007436503866424241,0.0007282855735876056,0.002840893118696483,0.0003197782919867191,0.7916477759898166
img_00590.jpg,0.01054700235396116,0.02734644497229908,0.0409503142013509,0.00018855246362430893,0.000216522536902562,0.0007407240342521069,0.00034399594597861677,0.9196664434916312
img_00591.jpg,0.12224395786580321,0.27074941026916294,0.01479520486803027,0.004755943087015418,0.005685280310091211,0.2169794602198482,0.004863573509028689,0.3599271698710201
img_00598.jpg,0.052662596558489476,0.8213502305448237,0.026852384871015798,0.001383695704739086,0.005716858781765191,0.07084571113973961,0.0036560471058015207,0.01753247529362558
img_00599.jpg,0.10903213426586472,0.4704149911283428,0.014129939448774985,0.002987633296981743,0.00336427951274388,0.007379163964141926,0.03818799774527009,0.35450386063787986
img_00612.jpg,0.05454101303141342,0.6126007521301492,0.006310769158829199,0.0005761132674574859,0.0006616209965888746,0.3133807332140378,0.0030305237806259526,0.008898474420897994
img_00618.jpg,0.9091591042643326,0.04926226621745621,0.011456479098887591,0.01018324769838934,0.006066347508330211,0.0015209025938918853,0.0007776354800155392,0.011574017138696727
img_00620.jpg,0.43757575395588255,0.32806608945386734,0.08521929833276182,0.04573873206615105,0.005193079315203237,0.02523592348646491,0.009080456203026792,0.06389066718664245
img_00642.jpg,0.024389755323777525,0.012652605140597418,0.023199704307834475,0.0013656479343658236,0.9249825101522605,0.005190559643078878,0.0001333815633302143,0.008085835934755188
img_00646.jpg,0.06417789778525666,0.0771394932345129,0.025983640469225466,0.00850769497254424,0.0018439757976821368,0.027686428653960034,0.0157422650284172,0.7789186040584014
img_00648.jpg,0.04002336609989723,0.9413462416360668,0.006087602705597081,8.447558589439044e-05,0.0013282980846987971,0.0064239533579997085,6.275256625737396e-05,0.004643309963588531
img_00650.jpg,0.47090298705227623,0.17785694377436695,0.006381871222479413,0.0022980213432057302,0.0005135037321521366,0.2394505626520395,0.0775109354012784,0.025085174822201687
img_00654.jpg,0.22543877085719524,0.4140840703614636,0.016107317703437346,0.012273424795560092,0.0005160499837829305,0.035638398063220694,0.0011755763028714159,0.29476639193246873
img_00664.jpg,0.02263355938406948,0.928376869541421,0.016339304823836675,0.0003997610299026482,0.0006018124294443533,0.010107657281840704,2.7601840989658435e-05,0.021513433668495396
img_00667.jpg,0.9971368510694518,0.0017564040745468989,0.00019375747329185292,0.0001842936980608766,1.1878985149760018e-05,0.0005216042676569826,2.8226975730327095e-05,0.0001669834561112656
img_00676.jpg,0.9976838678989283,0.0018392723947568232,0.00011324261635723746,6.315057883464665e-05,1.3159995680053863e-05,0.00016303529602384865,2.225395107718377e-05,0.00010201726834174465
img_00697.jpg,0.010727692661759556,0.0019015835868355095,0.002580975839081314,0.0007334936108865032,5.736047263156732e-05,0.0001594086027725616,0.0016419247872357173,0.9821975604387974
img_00708.jpg,0.051166122207764404,0.5215469809622744,0.13930278112844474,0.006903382481251755,0.008649457783246179,0.09606613418529367,0.003498090550770415,0.17286705070095437
img_00716.jpg,0.3599893518487908,0.15556460052528395,0.2872658031972042,0.001830740377356629,0.0032450094179234715,0.12980941575539048,0.0017480038122805327,0.06054707506576996
img_00717.jpg,0.00865108658661563,0.6848138039688879,0.1493731143792324,0.005325674285219462,0.0014875549381121506,0.08584030249165954,0.002656444460894894,0.06185201888937813
img_00718.jpg,0.041932414836969106,0.8357596929935307,0.003378871264025368,0.0007833634152947747,0.001672793479415633,0.021389534149041274,0.0014201530200040056,0.0936631768417188
img_00723.jpg,0.9226994704523551,0.049886853534434145,0.007298117836176445,0.0034497232273803676,0.00048121961692383826,0.006018612648772291,0.0005138463389343678,0.009652156345023272
img_00724.jpg,0.05710932651917356,0.011652065394897342,0.0199328302002017,0.0019133774762918286,0.0003816854702375785,0.0014970498832054498,0.06459559280280196,0.8429180722531907
img_00726.jpg,0.014617898836585678,0.9051151269460704,0.0076867050974018265,0.00012151727977788475,0.0009324461812065055,0.057470744025413814,0.0005185682773333793,0.013536993356210676
img_00729.jpg,0.2914132525083349,0.42266452369508456,0.06657153498903084,0.01759167604743158,0.005974001258215599,0.051239821514375394,0.02170289920050439,0.12284229078702279
img_00730.jpg,0.0008931767544726544,0.0052665091214653395,0.0019165580567802,0.00011162171829431878,2.999041686807523e-05,0.00010600174552755247,4.814649570448207e-05,0.9916279956908873
img_00757.jpg,0.2916211112533019,0.5833416080816226,0.047978425864447505,0.01249382255940476,0.0011278417355676613,0.03394357859698988,0.0031333387735786814,0.026360273135086962
img_00760.jpg,0.0002383851358143633,0.000729577565672068,0.0004650292108725525,9.80463939951936e-05,0.9979056467066024,0.0003089853587393945,6.7940901919617115e-06,0.00024753553811204744
img_00763.jpg,0.9895303367177265,0.003756984556286686,0.0006017968062548362,0.002528199346379648,4.574028957103686e-05,0.001819798956701801,5.837101140735652e-05,0.0016587723156721711
img_00764.jpg,0.0837159582320709,0.03676134059006546,0.03953170347808925,0.011992971871435665,0.001959670462712111,0.002845224565365317,0.0013688583751565024,0.8218242724251048
img_00765.jpg,0.19911448721394545,0.1456514167739631,0.1502992344885003,0.010951062736552131,0.01862531665842407,0.10075784802395249,0.08384939093988066,0.2907512431647818
img_00772.jpg,0.08635070191145386,0.06849499037799069,0.05020175716241791,0.17145066065441242,0.002870927239300446,0.5748875664599574,0.008724596602275717,0.03701879959219166
img_00773.jpg,0.25455416609774184,0.3241749362780905,0.06438340105539495,0.023132760335100734,0.0019484712588560054,0.3132898999973599,0.003964109916898796,0.01455225506055736
img_00777.jpg,0.17444178627066928,0.19600848626991493,0.037174602689048084,0.012076133329979843,0.0006348776399129288,0.563373600687904,0.01221932958249735,0.0040711835300734816
img_00780.jpg,0.1583029232897649,0.07739185814539051,0.009543322217279672,0.003935994685678156,0.0006442968246917676,0.09787557676115609,0.10481427909260202,0.547491748983437
img_00798.jpg,0.06932667308837193,0.48920537134591585,0.31382069404821533,0.010244024544758023,0.06331083282906821,0.02604590702350694,0.002681399475898178,0.02536509764426544
img_00808.jpg,0.15757559259630446,0.42455667727562735,0.2404158660566442,0.013596528954862479,0.02925228401872539,0.11432784672569214,0.004109133312013121,0.01616607106013083
img_00816.jpg,0.03404734810611775,0.7570147242495558,0.0459719572490631,0.000699773348428192,0.0008108289273439323,0.028074804510872145,0.002984080110233224,0.13039648349838576
img_00828.jpg,0.9828133119422698,0.007042765121795298,0.0005436622022533715,0.005769550488125676,0.00013430590741923267,0.002422301609023251,0.0002705724012263747,0.0010035303278870897
img_00833.jpg,0.044692371903627834,0.3566023746681396,0.09355115051768798,0.008797340890975107,0.006724130459052935,0.1708515051752563,0.0050303953614359,0.3137507310238245
img_00837.jpg,0.08143334954693589,0.6577063387017873,0.1548171488657834,0.001418431211893137,0.00042973212976651345,0.08395220958578871,0.0030725748339669326,0.01717021512407808
img_00855.jpg,0.3598381499705516,0.43178381889426964,0.12963025468874279,0.003517719196046681,0.0020100714768315053,0.04125939544880764,0.005963310749504972,0.02599727957524522
img_00857.jpg,0.03424168448083425,0.785214925594505,0.014578255489181905,0.0005314871154085448,7.40618201629031e-05,0.1434558134212761,0.00031727346007170905,0.021586498618559588
img_00858.jpg,0.10637733987677551,0.6740324438776292,0.062243672632345315,0.0021189466248224148,0.003808475715799765,0.016247475685423843,0.007964189810990542,0.12720745577621353
img_00865.jpg,0.08507140542339633,0.6157296067356535,0.12642931028219115,0.01085076195390176,0.04075339953543512,0.08469869320566943,0.005515284206210326,0.030951538657542518
img_00876.jpg,0.9812641579915463,0.005789463070764806,0.00231068058284525,0.002767216579730436,0.000256487145713326,0.0032192096098586868,0.0018315378596224841,0.0025612471599185376
img_00889.jpg,0.933361044320654,0.040430303092518716,0.00484144517565573,0.0033618838212215213,0.0005143078133052124,0.004029444694982011,0.0017689267829482692,0.011692644298714751
img_00894.jpg,0.43570413689096515,0.5174049912610933,0.005393580067074099,0.0006117777731184545,0.0002544930572082977,0.005766354056186799,0.00033455351368375533,0.03453011338067015
img_00902.jpg,0.09924141874478662,0.021524307969510582,0.016230237260958437,0.0013954982416285984,0.0025643034600638893,0.038724280345473275,0.8038752386003897,0.016444715377188963
img_00914.jpg,0.003118067710191864,0.0004210651933171509,0.0031134901908557943,0.0002239404672410509,1.1513577525818177e-05,4.019637802904675e-05,4.7758261756605004e-05,0.9930239682210827
img_00921.jpg,0.05879353813896452,0.5246328016242776,0.010978030858919435,0.0023183707643893827,0.0010274445735807668,0.06895818715138752,0.13813439630737298,0.19515723058110762
img_00927.jpg,0.005965754529609659,0.034087131913370844,0.15574777317695643,0.0015124511261880838,0.0009910430313662712,0.00113901791986234,0.00012919487174937956,0.8004276334308971
img_00943.jpg,0.06588938102286729,0.6409720695740085,0.18936906047334037,0.0004414010670314469,0.0015200154566662918,0.013886455766191682,0.0015509072478113782,0.08637070939208291
img_00948.jpg,0.7851463620160783,0.1465051919280705,0.00933171037008464,0.012272756906566526,0.0026555639449445468,0.019435970884755682,0.004335995422066292,0.020316448527433452
img_00950.jpg,0.9886001107536356,0.006476006154250867,0.001170943007789906,0.0011871371047843006,9.390296081119353e-05,0.0005707217712830221,0.00017743974382813525,0.0017237385036171144
img_00959.jpg,0.24359191736669844,0.5114697040883821,0.023166430583961346,0.0025330722949351626,0.002430784655995404,0.048341294720768216,0.0309630401734749,0.13750375611578428
img_00962.jpg,0.38425400107782237,0.17247913989822627,0.00921160446483867,0.005066447033927786,0.00025126984742719887,0.016034151266006734,0.006747159282670037,0.40595622712908086
img_00964.jpg,0.005025986901156984,0.0003620778536849613,0.0001702316298798239,0.99301757950721,0.00013024318506281473,0.0009724717895359885,5.917581575829559e-05,0.0002622333177110105
img_00966.jpg,0.5142788767404424,0.3954885368832907,0.0221544217002196,0.004366048410189256,0.0004939716863642438,0.023412066449380334,0.0005435545771225038,0.03926252355299111
img_00974.jpg,0.11115571054125044,0.3961218831750976,0.24432395051771,0.01372919432317809,0.009050920013025017,0.010970858939933171,0.008840927315062018,0.20580655517474383
img_00979.jpg,0.00914202345823233,0.055293578264546256,0.04892152484008049,0.0026666710970007146,0.00028616119246096963,0.020363626182690935,0.003715798345635087,0.8596106166193533
img_00982.jpg,0.34874083856674326,0.53479680796298,0.03554946792462795,0.0055055982629199935,0.007825592331227314,0.04043534050601436,0.004982453803975294,0.02216390064151174
img_00985.jpg,0.09355219485792758,0.4792735910196469,0.008144172318901171,0.0009499805741073977,0.001022551867935406,0.4011685784671788,0.0063489868964892735,0.009539943997813397
img_00999.jpg,0.05411459787671678,0.5017984478689433,0.022105159901611007,0.00717383784632308,0.0056562084478819835,0.05778045209946173,0.08208215609672957,0.26928913986233244
img_01022.jpg,0.0523790723741247,0.8011665867498724,0.015043424486973418,0.0013269213751125857,0.0022329847291023453,0.11136018586158902,0.002287254381862577,0.014203570041363014
img_01031.jpg,0.1057695444391556,0.700810730990205,0.016075225286254442,0.0025795991605376102,0.00042885730611071256,0.08683046132041619,0.005432571783137658,0.08207300971418263
img_01035.jpg,0.11403202177944238,0.35842645756592284,0.013332440856495906,0.0027263808260166657,0.0008355354315774939,0.49144077492240235,0.015480079195448143,0.003726309422694305
img_01043.jpg,0.600110805357463,0.18336404604471054,0.005254381586810976,0.009197093485055171,0.0023300489011036773,0.03326079116071469,0.13473994275363899,0.031742890710502875
img_01058.jpg,0.25443496633482987,0.6993485656355412,0.007652543776717864,0.0008705128164889643,0.0006305169146223713,0.004404204633250907,0.00023104009583967662,0.03242764979270911
img_01059.jpg,0.013891286545822189,0.0034723529077235697,0.011433496449574199,7.695910881061451e-05,8.09193234725765e-06,0.0002677769790324427,0.00041276654672690454,0.9704372695299629
img_01090.jpg,0.9891068553453269,0.004168434029568315,0.0006897271113291406,0.0038583362296438764,4.065802272994427e-05,0.0006307429722866809,0.00012346141496358707,0.0013817848741511582
img_01102.jpg,0.003837383070379367,0.11654708045532829,0.4664594468288387,0.0004396959106525929,0.008520599068704109,0.0002377088604638031,0.00010048009127345344,0.4038576057143595
img_01103.jpg,0.1634886137654805,0.10111683850006918,0.07182149513977167,0.011104731990294868,0.0803001260913909,0.007072414875812267,0.0372698616013786,0.5278259180358021
img_01116.jpg,0.24571650661247282,0.2693332991917436,0.03126448303105981,0.03475260457725076,0.024737806309559473,0.3064866943047982,0.001203504919774941,0.08650510105334047
img_01134.jpg,0.22479410042405445,0.5365232672637801,0.027645988773173962,0.008255095188444125,0.008518399316103332,0.041350904331213655,0.04056440065033041,0.11234784405289995
img_01142.jpg,0.800501285114527,0.05415032525249194,0.03791765838477726,0.06944682060256845,0.005642015489491924,0.004880783848053235,0.0008901655804463889,0.026570945727643822
img_01168.jpg,0.2332053349601861,0.26786127922702363,0.07818326444273166,0.0017901564166849617,0.0012684687527899684,0.37177247030371413,0.010255244404773945,0.03566378149209561
img_01171.jpg,0.9934165353961839,0.0022242489110060703,0.00045340125569408806,0.0020855753185790274,2.0087262636412455e-05,0.0010678952214994764,1.5617576523093923e-05,0.0007166390578780387
img_01177.jpg,0.4190844040329802,0.24948081138680125,0.15086375092152957,0.011781089422248987,0.006244587650462452,0.03848434698731451,0.02094070159771481,0.10312030800094826
img_01179.jpg,0.2637847518269681,0.6400222592948182,0.03402759749422558,0.002298619873370071,0.0012926938231532516,0.04516229542973675,0.0032498340975996537,0.010161948160128515
img_01188.jpg,0.2434711574831311,0.15873615150102177,0.20947306939477076,0.006298950750257589,0.02186270891962658,0.11549293323468575,0.039475060376127434,0.20518996834037903
img_01198.jpg,0.7768523774798974,0.16976693592199743,0.02233894412518964,0.00897139114935515,0.003743472431128848,0.007610057839536158,0.0005968483001364439,0.010119972752759108
img_01204.jpg,0.9832137494176991,0.005267856398322058,0.002419721145314278,0.0033968298887331627,0.00019410832103581373,0.0026054556189051567,0.001256930131465467,0.0016453490785251828
img_01208.jpg,0.986025638343479,0.009055665034219236,0.0009907699227725657,0.001153450812781567,0.00016047541140054976,0.0006936548128890365,0.0002173507301011786,0.0017029949323568684
img_01211.jpg,0.03023028523028509,0.7807483135481087,0.14665200993459057,0.001099614759675764,0.0018568021454251453,0.022918960159313956,0.0002768359642823025,0.01621717825831854
img_01213.jpg,0.15643442577806627,0.688596080845973,0.013550795505809293,0.0020610342467902733,0.0008496487490616079,0.07291212290227128,0.0004449061830967889,0.0651509857889317
img_01222.jpg,0.012191509143618762,0.5729628130680625,0.04577371357110475,0.004887397155862383,0.0305612399318535,0.007169718007465988,0.01736106410671913,0.3090925450153131
img_01224.jpg,0.015538770125788935,0.015410449489837016,0.06661285157502077,0.1018966922517491,0.006327776033259725,0.003977093621897486,0.013962287815921195,0.7762740790865258
img_01237.jpg,0.8236324053110701,0.11332528214876463,0.004786800927921628,0.006790214509147218,0.0003769946807832098,0.021608495673673858,0.0006839543771537766,0.028795852371485593
img_01249.jpg,0.48053994396351407,0.2270593312595668,0.03791566386264797,0.028750124651944584,0.003982519510288569,0.17966625077344356,0.0015789896731586803,0.04050717630543575
img_01253.jpg,4.625371231691915e-06,6.169891546612001e-07,1.2072553988622695e-05,2.655430251661894e-07,6.015872537358694e-08,3.780707943856089e-08,1.1677261361436853e-07,0.9999822048041814
img_01286.jpg,0.0007036015366035908,0.003057636708069348,0.004249260060316052,3.2758705167875814e-05,0.0003050621465523914,0.00010716772831342743,8.473850521074314e-05,0.9914597746097666
img_01289.jpg,0.04374164318627841,0.005420446783598721,0.016778407458464675,0.00034295140203006595,3.080267816903424e-05,0.0014462935679988673,0.0003539303474653344,0.9318855245759948
img_01325.jpg,0.9451167951574111,0.0425332315595383,0.0019463937427150828,0.0026065231125004915,0.00011557699676398636,0.0013689905396426717,0.0009501811709106359,0.005362307720517586
img_01328.jpg,0.11267134477172941,0.7614981852927772,0.047197590801932796,0.007722851573197006,0.003470051389119217,0.03021527714434616,0.0011975519285789603,0.03602714709831897
img_01366.jpg,0.38635836697405085,0.12380348444395325,0.006891823629044063,0.019562589748942583,0.0006931375180060834,0.44773892295855516,0.0012256602838633531,0.0137260144435846
img_01371.jpg,0.03619209429111852,0.794825939436415,0.08853009271724151,0.00027188712839358126,0.0015237220393284137,0.03720406720244717,0.0004961044427624098,0.04095609274229322
img_01373.jpg,0.49893129844275635,0.13254257064897063,0.004052353455608377,0.038464903205180964,0.0002079236124697012,0.3135235561767917,0.0006946756033156818,0.011582718854906507
img_01377.jpg,0.47424330294696415,0.3005720476684604,0.05757294883918042,0.0025419686964926664,0.0004135445803248534,0.15257413996237906,0.0022901664531643703,0.009791880853034157
img_01379.jpg,0.1116457099594562,0.5839737833168781,0.025390198272884315,0.02819476637237123,0.027612733998911714,0.13873312701444945,0.008777825541844204,0.07567185552320489
img_01384.jpg,0.18509087245117053,0.062486542845613065,0.0034271440686633498,0.006814717321338968,0.00012685782461085748,0.7386674593158419,0.0003477906780319959,0.003038615494729273
img_01388.jpg,0.06119137337310267,0.7738893106803013,0.07274881016412217,0.0012612308773824392,0.0068339112006242765,0.05775106737506824,0.01309107359691596,0.013233222732483127
img_01392.jpg,0.10516627158958426,0.023550196632603514,0.011190673113549916,0.8032024266659856,0.003228742069473139,0.014325319124403229,0.002939720476532317,0.03639665032786795
img_01399.jpg,0.005735937357428492,0.017006429957668965,0.9166001468649966,0.013470901900449684,0.0002909198689252937,0.0153439843682131,0.0003980780698240409,0.03115360161249391
img_01404.jpg,0.012325438089345844,0.8672038568623402,0.00206353153939401,0.00039665550672824095,0.0020871987613128194,0.0375776872111104,0.0002651306808042794,0.07808050134896395
img_01405.jpg,0.059201006030474373,0.3858252018897736,0.23757435960221965,0.02291693626174511,0.009668131973542863,0.26486572303740946,0.0030907490767093965,0.016857892128125662
img_01413.jpg,0.06390393589946351,0.8906114080530507,0.02412799328236706,0.00024239629653486668,0.0006182047938963395,0.015953217607429834,0.001800042603943816,0.0027428014633138894
img_01426.jpg,0.1265814143356577,0.23696424090086932,0.07594501314648415,0.012223041375600907,0.0015894415974791873,0.09029523567840775,0.3543810024146532,0.10202061055084788
img_01431.jpg,0.0006277390173439427,0.0032735766497056615,0.001050222810714914,0.0002236496726676813,0.9936702107245663,0.0005154627817406512,2.9578248905267457e-05,0.0006095600943556182
img_01441.jpg,0.00016895025552186534,0.0011711833128506875,0.007594873818137958,4.515688140102437e-05,5.7591929882718357e-05,4.972980679953877e-05,0.0009947586552402428,0.989917755340166
img_01444.jpg,0.005187450604335642,0.06987539741000001,0.004657966554324611,0.0003746906206668097,0.00020988157699135365,0.0020098144170328635,0.01939802631259304,0.8982867725040558
img_01490.jpg,0.023616035018202756,0.01902888018183909,0.02139157956668886,0.01437793267003284,0.0010833962286727846,0.004143347524893261,0.004742105321037105,0.9116167234886333
img_01495.jpg,0.09077310563781987,0.3806152909587799,0.1839407757365947,0.022714306217232007,0.010519060458035008,0.04219496149954666,0.02492742292638749,0.24431507656560425
img_01505.jpg,0.9823868959851748,0.011539009221989017,0.0012195069506595723,0.000786727328555959,0.00016331138619596106,0.000773434300210268,0.00036919373808153385,0.002761921089132699
img_01511.jpg,0.24222622654385345,0.3203477597586922,0.07555419849835686,0.31600610500776694,0.004048267031283265,0.022951623645904293,0.004197582873518392,0.014668236640624851
img_01519.jpg,0.4527384482492338,0.3285362450648575,0.06874070240264912,0.008389539216894617,0.0037596840042642115,0.0180845342279301,0.043583848527729764,0.0761669983064409
img_01530.jpg,0.1872679986824859,0.5774106833739637,0.1825236445423814,0.0012924701081212366,0.00870968178581513,0.01730634461638964,0.0014428522221501402,0.024046324668692866
img_01537.jpg,0.054884759582953156,0.4543319086424449,0.20713714502798702,0.016625048458107285,0.0011715159887537442,0.22058636822636962,0.008356192821738582,0.03690706125164574
img_01538.jpg,0.07685451414628332,0.4304210948793011,0.1012634770963235,0.07164060931695387,0.003634827167583429,0.207251097527191,0.021301024080683326,0.0876333557856804
img_01541.jpg,0.9860027151023596,0.005469990595510435,0.0006303772068216792,0.004719167094878897,3.0775715511521074e-05,0.0020801865665489505,9.360137148378678e-05,0.0009731863468851379
img_01543.jpg,0.4566840388719445,0.4621426438416237,0.013060398406600553,0.0024969403051418866,0.007361583166144719,0.01012455717387729,0.0006085916189220036,0.047521246615745444
img_01548.jpg,0.01369870624540321,0.8099234788389428,0.013120230049580645,0.0003630000801238699,0.00016537400237809133,0.14868285603580855,0.0005634209875698617,0.01348293376019304
img_01552.jpg,0.015069715912434433,0.9171256503699657,0.002113758597648659,0.00026985966886746527,2.3585754925718017e-05,0.05374205409500385,2.8148641880955488e-05,0.011627226959272874
img_01561.jpg,0.9172584547762245,0.05098071623030214,0.002333746817581656,0.006181130088376184,0.0007780312478751524,0.007795490726471154,0.007154213125482525,0.007518216987686885
img_01562.jpg,0.009787513543588975,0.9043617842225737,0.017688744613696957,7.166800471964809e-05,0.0003515110600349222,0.0023749078667602737,0.00024759176945419596,0.065116278919171
img_01571.jpg,0.017157022889066006,0.7743442909701558,0.20111192784291093,1.910982903750151e-05,0.00017979000307359816,0.0021995325342456253,0.00024539643068396353,0.00474292950082665
img_01593.jpg,0.008179681368802543,0.25375777157462887,0.49553576744838024,0.000706806994488944,0.0018242169773570393,0.0029938801906720957,0.000738411882072077,0.23626346356359837
img_01595.jpg,0.9188169019178216,0.021720685675265833,0.010423907408127719,0.013525236091265849,0.0021238041045429576,0.0045060262186711365,0.0009866587154865156,0.02789677986881845
img_01616.jpg,0.042761516614390156,0.5760692657863481,0.2532453502269888,0.0018890528128996836,0.002557509906315055,0.02082413288933589,0.003206259014952386,0.09944691274877011
img_01618.jpg,0.39948569129987976,0.4072316928797798,0.04555735432883301,0.004740767360074523,0.010431894670666261,0.06716452285995493,0.02236028647930549,0.04302779012150623
img_01627.jpg,0.031789204568728,0.7833165328887938,0.025878848305164077,0.0010410990313124938,0.003020591212913574,0.12749908448737476,0.004476525329845988,0.022978114175867415
img_01632.jpg,0.8112953216054761,0.14113211574075557,0.007201872090133192,0.00715773626678647,0.0008334525902520297,0.01146296056085235,0.0003588306418016407,0.020557710503942773
img_01633.jpg,0.09276055837064281,0.4614544680979441,0.06718891913285581,0.0023665656067977593,0.0021221015764918165,0.3352756093274317,0.003044370390312715,0.0357874074975234
img_01640.jpg,0.055660832636569284,0.8987843493625401,0.01263449090521911,0.0005213458367022308,0.0020350987234130655,0.011153638141582463,0.0003146100024549947,0.018895634391519
img_01646.jpg,0.002483289522442573,0.811070362045842,0.07485626770593312,0.0004451737377657929,0.0007756065711021726,0.09993468885110983,0.0008235176595380123,0.009611093906266426
img_01647.jpg,0.9767415251792295,0.00911213014456065,0.0015413861076583578,0.0020249192084332655,8.75242812629282e-05,0.005992696497242544,0.0009186260681843993,0.00358119251342839
img_01649.jpg,0.40931458434791,0.3296114980294434,0.08810174268548922,0.01596569368123846,0.013207472049893188,0.04697346866346763,0.01630042433767761,0.08052511620488048
img_01657.jpg,0.31301466711228854,0.028249162344795832,0.03737127431721052,0.5292503445020523,0.0016713818938504529,0.007489168998033544,0.0009358916428731703,0.08201810918889572
img_01669.jpg,0.0025343635928414027,0.014422463534297882,0.0014777656039333211,0.00034101933569558404,0.9750782176916818,0.0025808733389901277,9.30230371102187e-05,0.003472273865449709
img_01673.jpg,0.6560349045958835,0.27461874321976654,0.004818549082201964,0.002588844200555224,0.0015758686643388105,0.019990680006471,0.024441549103526305,0.01593086112725666
img_01681.jpg,0.29508766793279334,0.3008881216751551,0.04238990770178772,0.029785716918597358,0.00848095190549323,0.01257703900390803,0.00775479799948435,0.303035796862781
img_01684.jpg,0.04755882793830621,0.8288731777291874,0.0336727127077445,0.0010469188157747997,0.005810201084884916,0.025759997611508052,0.008409227999787171,0.04886893611280702
img_01685.jpg,0.7021688967935823,0.13515087533281686,0.018780953151451393,0.04229407353347676,0.014470465330109898,0.06673582808344623,0.0032688280430833976,0.017130079732033184
img_01687.jpg,0.0834584517732749,0.7113552469490724,0.0374515980538943,0.0020930325006553096,0.0035347880786476163,0.007350744439234591,0.030160384914165998,0.12459575329105518
img_01688.jpg,0.0041195693728155675,0.004501250395464409,0.054766758193324,0.00020467021494208537,2.7135503262250355e-05,0.000317788674254816,6.617096799944323e-05,0.9359966566779375
img_01689.jpg,0.00200091159768495,0.00381374213417067,0.00465463251837311,0.0005906535658755789,1.3375166544967943e-05,0.0006739112261519588,0.0010638849011541428,0.9871888888900445
img_01716.jpg,0.9857138996879441,0.006255705397223578,0.0008973268884902696,0.003849128323504602,7.344063304390893e-05,0.002072313137236739,0.00015783662238276795,0.0009803493101743597
