image,NoF,ALB,BET,DOL,LAG,OTHER,SHARK,YFT
img_00005.jpg,0.9822924966871646,0.004459086754750362,0.0011308325781244717,0.005874715893690922,0.0005637423594677416,0.0008936529030552561,0.000902627884455102,0.0038828449392915056
img_00007.jpg,0.13942750252135444,0.29400955754007485,0.002500665132218429,0.00351306547653497,0.0015804230015229507,0.0013141230010596432,0.00035027797589364147,0.5573043853513412
img_00009.jpg,0.09150508907307603,0.8292183928144757,0.048646914365633814,0.002157359784157271,0.0015270621490228447,0.01787608630418553,0.000345736907940415,0.008723358601508305
img_00018.jpg,0.008090210527419069,0.9351072440011802,0.03440212553182843,0.00047829376133667716,0.0004266309040373767,0.02036820568903869,0.0001419354301488082,0.0009853541550110317
img_00027.jpg,0.00525053379217448,0.8680818816681941,0.020741317880065595,0.00035582709454683696,0.00043406704434655036,0.08042472132247187,0.00021523827009477966,0.024496412928105903
img_00030.jpg,0.06937365078651407,0.8278549449640987,0.0030051741424985284,0.0026939789753607033,0.049118700198186,0.044234895095311914,0.0012073307367174361,0.0025113251013127056
img_00040.jpg,0.011071846281204792,0.05706757405728573,0.0017859332511651277,0.003092136556872438,0.0003206487680866766,0.019780067546875415,0.901213102905255,0.005668690633254766
img_00046.jpg,0.8645790288888994,0.05681059499418162,0.028365582193267454,0.012262457737048326,0.003687557269661506,0.00928759335015506,0.017852352114921945,0.007154833451864892
img_00053.jpg,0.011890133801189959,0.95228871161679,0.009308339606426269,0.0009683675719781037,0.0003543150410747933,0.0049841991760289535,0.0002653451963402424,0.019940587990171614
img_00071.jpg,0.0004481359420069068,0.00018443114460217188,3.2643896567209997e-06,5.858051816180728e-06,0.9993053927621103,1.0463299751237128e-05,1.4463360556737657e-07,4.2309776450919474e-05
img_00075.jpg,0.013690420158770982,0.7541084101904596,0.004222318942553448,6.63915724272463e-05,0.0007350361318110463,0.22629911144330747,1.2764592563939487e-06,0.000877035101413773
img_00102.jpg,0.05031703821413467,0.6488182303608585,0.0014298085159398985,0.00018019024954526886,0.002122369885766571,0.002428840975311773,0.03168887299421839,0.2630146488042247
img_00103.jpg,0.006589297990752067,0.9479344685928823,0.03072414250541281,0.000491279417611435,0.0012145532253961039,0.012578176041063179,6.851915145528892e-05,0.000399563075426625
img_00109.jpg,0.003534985380395877,0.9451586797482062,0.015387615502680677,0.0015301555449243555,0.0007631404848787278,0.014957832194491377,0.0013246262544065763,0.017342964890015994
img_00119.jpg,0.9420606756486991,0.013014061432033252,0.009830955131011246,0.010602303586076604,0.008576628719786265,0.005349477120604095,0.005217131373548998,0.005348766988240351
img_00120.jpg,0.0007196857707282624,0.9930100835369347,0.00016663475053935625,8.316211498529581e-06,2.4003667411966524e-05,0.00015570757573294024,7.514307204337975e-05,0.005840425415110688
img_00125.jpg,0.006495863887458786,0.9388547220418284,0.0037854642014996938,0.00019971824567792496,5.923113941272246e-05,0.014186279324843955,4.5910555413935885e-05,0.036372810603864436
img_00128.jpg,0.04343650165192514,0.01640930862207389,0.24905006458981663,0.6696363067874093,0.00010443017345725851,0.0004201857944121397,0.00023682965033236216,0.020706372730573287
img_00129.jpg,0.015563092002969408,0.025592336495299767,0.0009017263961811706,0.0019570846336407627,0.00012542370315140176,0.008552594199930803,0.9424171233072869,0.00489061926153971
img_00133.jpg,0.6740416491355125,0.23019651361587942,0.02766196034828949,0.00210903864258727,0.0034295789032171295,0.005289352966174438,0.0007557777068011448,0.05651612868153857
img_00138.jpg,0.19611714314394313,0.6827396921440915,0.06830222415767749,0.008052568039033333,0.0014164496095135828,0.00207891872669377,0.01075700821801444,0.030535995961032885
img_00141.jpg,0.004236563943063282,0.008998184805134668,0.0032016747466425298,0.0006312956742977021,9.196585060950888e-06,1.467476877074333e-05,0.0002543614894013699,0.9826540479876288
img_00152.jpg,0.011091345988169963,0.3668481740618749,0.039770602405376866,0.0036895075359546134,0.00213405279913984,0.012934096025698845,0.011591554647985258,0.5519406665357997
img_00161.jpg,0.002950808101661937,0.0062212961856847274,0.0006596916827276143,0.0006263486674064459,8.494738096537986e-05,0.00021899148700681438,0.0004899054926785883,0.9887480110018685
img_00164.jpg,0.964213922787984,0.007152685102169107,0.0029386199358009996,0.009395404725443503,0.008652441706870224,0.0009374588862866062,0.002758363238657549,0.003951103616788422
img_00170.jpg,0.04290645317560681,0.26542849791016776,0.001398997671640099,0.005668518850802303,0.625068111856388,0.0038011584689677746,0.0006151247930173632,0.05511313727340986
img_00171.jpg,0.03549606912524446,0.8367960353084063,0.08607159269809597,0.018015991680517606,0.000542040732474007,0.017387737127626656,0.0025718372604012986,0.003118696067233641
img_00172.jpg,0.32178846332397043,0.5056283619886067,0.039867531402576435,0.08300521406079751,0.0029551831398460684,0.019995010041601136,0.0028591898896631273,0.023901046152938504
img_00175.jpg,0.19109918196987383,0.6017363629843774,0.014771077692482112,0.00844854744455349,0.00013421493688678607,0.1780658485249283,0.0018354388764624328,0.0039093275704356716
img_00180.jpg,0.012408509437545925,0.02307147362754,3.403942704349031e-05,0.00011190617180471398,3.461075698347798e-05,5.64192942004637e-05,0.00014141344989221068,0.9641416278349898
img_00196.jpg,0.9112335844966516,0.04159510519352595,0.002424152130898684,0.0170546168904829,0.003923165543468606,0.010062391144551583,0.011389654487413902,0.002317330113006968
img_00212.jpg,0.007128175962769945,0.5778941783425218,0.005280092430506494,0.0005012419014187952,0.0029851107593983116,0.00014976304144267147,4.782173545635294e-05,0.40601361582648565
img_00223.jpg,0.04778408810956097,0.9109397184719786,0.036383055650507895,0.0012338707611598801,0.0008769094656243913,0.0005275422018364148,0.00041310893666596157,0.0018417064026657484
img_00230.jpg,0.027183167994029065,0.9451727377181188,0.005131986619641293,2.954093813451454e-05,6.264557951519005e-06,0.015872425007185508,1.4197945572518e-05,0.0065896792193665945
img_00232.jpg,0.22100325772809845,0.07882164555154632,0.10475181432594004,0.0033889098267735488,0.003633382096477348,0.03004038314896085,0.49701460832203065,0.061345999000172666
img_00244.jpg,0.021062560195132862,0.9477449689178593,0.011448418690031086,4.921892888374953e-05,0.0031540955125805388,0.008987358498124388,3.1737666723673515e-05,0.007521641590664597
img_00272.jpg,0.017812044988561395,0.9633775174027877,0.005552858631388211,0.006894876610214051,0.0006588783252742862,0.003734335134538162,0.00025689337382935246,0.0017125955334071838
img_00280.jpg,0.0022433602669907266,0.8357740759595246,0.004005782920162933,0.0003742407128309207,7.4208433803059e-05,0.0003074694909966672,9.380581621447046e-05,0.15712705639947658
img_00282.jpg,0.03403296950896937,0.7240965982382173,0.1656583532454137,0.03818527008120842,0.00024048545269848216,0.026800531846191564,0.0031934968939296613,0.007792294733371513
img_00285.jpg,0.011125265521345275,0.8804888568286805,0.012141945722878335,0.0005448845004221574,0.001407467000404835,0.024651721018535272,0.0397731324643198,0.02986672694341397
img_00289.jpg,0.3632731046743623,0.6284479939805471,0.001733012320381886,0.00039347949376819844,0.0011122147874812907,0.0003354556958941617,0.00036251794342708,0.004342221104138108
img_00292.jpg,0.019911124707778286,0.937156067289733,0.004808701199835225,0.0014122093745395415,0.0007181473396021803,0.017508529486887754,0.008307809291918704,0.010177411309705271
img_00302.jpg,0.004904083218042462,0.030528260623926096,0.0004989711229467085,0.0030293608400947035,0.00023129510307327638,0.008029464349348267,0.9495335917647211,0.003244972977847456
img_00311.jpg,0.35347372449620745,0.6402408806805109,0.0008949583286671463,0.00024339377485778292,0.0002916707144075047,3.326824684716395e-05,0.00011206128299123636,0.004710042475510912
img_00320.jpg,0.0037906329249826286,0.9425511468840563,0.0006636078710092203,5.0485524313759166e-05,2.7437239355883124e-05,0.0013600506328210688,2.6512659257322137e-05,0.0515301262642037
img_00331.jpg,0.0012396729711792456,0.9030368034505207,0.04339301220270625,0.0005810199392491651,0.000345621362135627,0.006526466061235161,0.0007619739459296365,0.0441154300670444
img_00358.jpg,0.06443038475403667,0.4186478047108722,0.015127813631451143,0.0018424848931130643,0.001147294379542619,0.05317205384054551,0.026306951399279684,0.419325212391159
img_00374.jpg,0.02599829202726648,0.7876126895325009,0.014532189165463638,8.331826337940114e-05,0.0014604566797599358,0.00962205290301522,0.0013945192509321588,0.15929648217768222
img_00375.jpg,0.4647793119573625,0.05757255031882116,0.1409841563132017,0.31399236974570427,0.0002647563919257743,0.014951926151761816,0.002369154716886675,0.005085774404336344
img_00376.jpg,0.005077666555082156,0.9903962318219054,0.0008649963434048527,0.0002020047291780834,5.960442990974883e-05,0.0009867360002317057,0.0011742525404822314,0.0012385075798059947
img_00380.jpg,0.06268937477783133,0.7369129465031796,0.04909506582260115,0.001663225233350903,0.000871567708317705,0.02410374101600334,0.000872624280152519,0.1237914546585632
img_00383.jpg,0.010634635365154754,0.9723301084664792,0.0035452613192416974,0.00012567078535971767,0.0002131169444435817,4.163257003918106e-05,4.320770692164954e-05,0.013066366842360247
img_00398.jpg,0.00018509040017575856,0.988128837440139,0.00012066218563881934,1.1436880003354492e-05,3.9237525093212195e-05,6.78465053616899e-05,2.4283140686625745e-06,0.011444460749519386
img_00407.jpg,0.0009453038591041779,0.9982364987950296,0.00020207766320408103,1.6181457543082537e-06,4.412164716890048e-06,0.00021883471643607,1.7866797507855837e-05,0.00037338785824672974
img_00417.jpg,0.0091084945864033,0.4108505839383822,0.01627188818796508,0.00024339195052293196,0.0030216839912296715,0.00023486772144163106,9.491345673689531e-05,0.5601741761673183
img_00432.jpg,0.15588276819170513,0.25292922134322177,0.04509433199048304,0.029890723697061874,0.00044454732319569845,0.4003011740171006,0.0015608277955556896,0.11389640564167627
img_00442.jpg,0.0051250159296176555,0.03643573227432995,0.0018683417723129037,0.0005814177647047578,0.00026953764587048825,0.0005288035822922704,0.0024901007881353134,0.9527010502427367
img_00446.jpg,0.006718423978001139,0.9670754866353126,0.002600013510070897,1.3875708754657091e-05,0.00021339784580721693,0.021685484962284778,4.151989663981066e-06,0.001689165370104736
img_00469.jpg,0.005450370226883258,0.6782093119048335,0.010312200696265487,0.0007168002956299469,0.004563540065495172,0.007606156474637009,0.0019526670724215166,0.2911889532638342
img_00473.jpg,0.008610245784207377,0.9586822509679191,0.018381550421435,0.002104618149502338,0.005624756789261424,0.0007074852382937851,0.0014416140948150093,0.0044474785545659005
img_00483.jpg,0.0007242403056789974,0.9499078690343483,0.039422737370933186,2.622711001437534e-05,0.0005282731331198695,0.00015945453182542377,0.00016556782182291095,0.009065630692257172
img_00484.jpg,0.13142058501270173,0.7384651113565095,0.012002277485630052,0.0005762991675555117,0.013860094909117942,0.007048325527800423,0.003980409345269237,0.09264689719541565
img_00486.jpg,0.05502432437619112,0.8329908988563579,0.10057208691545587,0.0007866918274730524,0.005511187122516925,0.0010671231581063736,0.0006783642701771903,0.003369323473721599
img_00487.jpg,0.3869643568408089,0.2457862896378427,0.1556052324032597,0.020028385432473317,0.1106629321912252,0.01358311818502317,0.009010353456292482,0.05835933185307454
img_00493.jpg,0.8767123946610679,0.01970747720394217,0.008016861613780731,0.06590233863735168,0.0006502713858468823,0.012390214425157389,0.00787118798841293,0.008749254084440338
img_00518.jpg,0.03684362011228273,0.851318383710471,0.0033763826811401476,0.0032338127667777953,0.00174067354475363,0.0010427539196667358,0.0003568109573788616,0.10208756230752913
img_00533.jpg,0.034057769817730336,0.4888500926422269,0.0051913342618126555,0.0005587127712288671,0.0012690241882821799,0.0020881359990498854,0.00876642364626521,0.45921850667340397
img_00538.jpg,0.041596370796104294,0.928440286961745,0.006332466474570617,0.0005302073522508067,0.00041549320261793617,0.00905178662077746,9.700051260841124e-05,0.013536388079325556
img_00543.jpg,0.5417617156584525,0.43986147262356806,0.0026797185984120974,0.0008359435892710219,0.0010383028249427858,0.00010124865198963266,0.00016627087109158777,0.01355532718227228
img_00550.jpg,0.2360861178480755,0.05208726623303916,0.0031230300482885305,0.017629825711364257,0.0001657125184763505,0.6735326315046611,0.0004044006598922395,0.016971015476202795
img_00551.jpg,0.0031127340632148216,0.9752596955905966,0.004089324309657776,0.00028092824574177096,0.00010980789278388668,0.0014732519711251103,0.0011061861515665634,0.01456807177531356
img_00564.jpg,0.9454426992212019,0.010384588539115478,0.0164722396065375,0.006896190916050319,0.0105039092626638,0.0019391115425118396,0.00026092748507052643,0.008100333426848565
img_00575.jpg,0.011595018856583025,0.724193171716859,0.055139643764310256,0.010177766895655032,0.0038025198653922096,0.01828456608164113,0.0062322168175002815,0.17057509600205903
img_00582.jpg,0.007467867693820083,0.8571013302793634,0.00136443024494991,0.0001983502849776202,0.0011989243927373716,0.1266474341004877,5.908879632679016e-05,0.005962574207337154
img_00584.jpg,0.3207407300864445,0.603767190008584,0.000797151154404386,0.016499035963145482,0.00030325568235175094,0.0450928282077272,0.000356049766742028,0.01244375913060057
img_00587.jpg,0.00029312339552548997,0.2505109265130412,0.022378184025278643,6.399987744138376e-05,6.980795268765266e-05,0.0018480118236463827,7.550446923552117e-05,0.7247604419431437
img_00590.jpg,0.009652376441025071,0.012140210738734995,0.022002956012661383,4.346853571359385e-05,4.2629176424136105e-05,0.00030952019531414727,2.3438479353024486e-05,0.9557854004207736
img_00591.jpg,0.12418677400453586,0.29861052582805725,0.0064436154849865515,0.0128154258529726,0.0194234188448775,0.18966467353535352,0.0022090795190167615,0.3466464869301999
img_00598.jpg,0.0040171247345293475,0.9675507233569941,0.017785389132438132,0.0005231960012382778,0.0001716492990098589,0.009443295724944296,4.44464395704705e-06,0.0005041771068885609
img_00599.jpg,0.009503816354297381,0.7310995567592333,0.013855930116894023,0.0010444136496469449,0.0006630526928484128,0.0024711314189487434,0.007547985628610526,0.2338141133795206
img_00612.jpg,0.0022859575420830264,0.9795438060160918,0.0035602255480537037,8.101243514102897e-05,0.00010473986316970397,0.002819296214613471,0.0023661517903273243,0.00923881059051979
img_00618.jpg,0.7741822072746644,0.14975865972546512,0.007014982486939382,0.0184899012245743,0.006296629323478126,0.0007299562467719614,0.0005446025876407042,0.042983061130466176
img_00620.jpg,0.5882455791229858,0.15416561269961895,0.047646495974590725,0.1332290058107185,0.003320537029360552,0.017273013604010762,0.007762908664242597,0.0483568470944722
img_00642.jpg,0.013871180335224737,0.012220809610156928,0.0007687206656352343,0.00030764891388744065,0.9666813259209748,0.0006848733134099783,2.9670025958259024e-06,0.005462474238115104
img_00646.jpg,0.006863570311961226,0.07483137320935172,0.00632367814720938,0.006389022245425447,0.001000170320980433,0.0015651783573702273,0.010123246379583296,0.8929037610281182
img_00648.jpg,0.24930439133119886,0.7451282942688384,0.000787092775323339,0.0002772992852390732,0.0002011021323100321,4.511605404532506e-05,8.242115262379646e-05,0.0041742830004211
img_00650.jpg,0.25517634835147096,0.3062127510673608,0.02318764203255887,0.006758708191407271,0.003706844530662264,0.18916501049906628,0.05673328727773601,0.15905940804973762
img_00654.jpg,0.09465548042408951,0.6769852448132216,0.012925732859615471,0.01980706355676146,0.0014636841776229249,0.0026968903342948244,0.0003397883724357341,0.19112611546195843
img_00664.jpg,0.008672288193149812,0.9741320491368322,0.0024603728669656444,9.152738847125604e-05,3.193623886960312e-05,0.000690189379565445,0.00014350322020429453,0.013778133575941313
img_00667.jpg,0.9683111261344125,0.004749588960837466,0.0012654079828211286,0.01765360412649911,0.0016642563127477403,0.0018287408863968929,0.0020182168308396147,0.00250905876544547
img_00676.jpg,0.9651703730516329,0.0074786553678240384,0.004470826009756287,0.007426368821693513,0.004315358610864038,0.004444724940048827,0.0029870275913125737,0.0037066656068681578
img_00697.jpg,0.021493808842642854,0.006276616879185653,8.333734678662049e-05,0.00011975480716842852,1.3386359112714688e-05,1.036289735273203e-05,0.00042454918125781787,0.9715781836864933
img_00708.jpg,0.018321996745192155,0.39554863283470626,0.08996068161553467,0.008849285049078255,0.009287923963943533,0.022168060476358532,0.07720926140455699,0.37865415791062956
img_00716.jpg,0.04743404069934939,0.33149231671035917,0.20215705506992807,0.0018572197259494176,0.010486808174066511,0.06817984518455986,0.004497024284490786,0.3338956901512969
img_00717.jpg,0.04431391474913938,0.7211384953840987,0.003957512702400008,0.0040325483919213395,0.000997275488912191,0.21682259762465286,0.00030525352020556543,0.008432402138670102
img_00718.jpg,0.0029678153451381745,0.9774567566487484,0.00033050296368883125,0.00026702595595377583,0.0007541470652805998,0.013547498046928055,0.00011464683010903411,0.004561607144153328
img_00723.jpg,0.38249969212102286,0.5252050269540792,0.06367272334732221,0.00263984050303126,0.00172718622830124,0.0035431638589334636,0.0013344237380326458,0.019377943249277062
img_00724.jpg,0.09421343119034495,0.05003024974514815,0.0013401127650680268,0.04147271279977435,0.00029281952957386316,0.010025835359310425,0.043043869250268395,0.7595809693605119
img_00726.jpg,0.024044086802819196,0.9141404068627469,0.025793954252465372,0.0026463772412454695,0.0011270700955831497,0.012568878724470565,0.002248911555650171,0.017430314465019123
img_00729.jpg,0.36013318584390114,0.4406110587204865,0.02805745494233119,0.003011466642576592,0.0024407776648014082,0.020274660522918524,0.007889483635615972,0.1375819120273687
img_00730.jpg,8.356247288341447e-05,0.005202080823293598,0.0006312053650410529,1.1573728823618658e-06,1.663457706603405e-06,3.213315867438581e-05,3.2351260412058062e-06,0.9940449622234774
img_00757.jpg,0.20212960398483482,0.7210357420048813,0.011906192630613916,0.003909691498119962,0.0005173766434934243,0.05593020332568551,0.001577064946666627,0.002994124965704622
img_00760.jpg,0.000113836587999925,0.0004637980132950078,8.930681100170074e-06,1.2705962537140723e-05,0.9993226175050413,9.356531848838953e-06,8.233549497673993e-08,6.86723826827548e-05
img_00763.jpg,0.9481838841747483,0.015580472909506753,0.01191976585407812,0.0018399681115715623,0.00031874052964014096,0.012305399951038336,0.0025594443062762935,0.007292324163140645
img_00764.jpg,0.0002046196586421157,0.007366336363262406,0.0018273361090936806,6.642652931041412e-05,1.1886545234136885e-05,4.6430294762709434e-05,5.482060666150779e-05,0.9904221438930331
img_00765.jpg,0.0369152449075581,0.33300124652979324,0.10157906868194513,0.0005947127133521669,0.039601202284722144,0.02860704800087748,0.013482591515066828,0.44621888536668497
img_00772.jpg,0.32724058046884397,0.1668064153413735,0.23952042153484868,0.18512161857794646,0.0016304340006648489,0.02435296696080557,0.00207891529718762,0.05324864781832944
img_00773.jpg,0.09565054982817167,0.6757100917454977,0.027540711270947142,0.1340336915465845,0.0023556779322718704,0.03633259785457934,0.006854138632407502,0.021522541189540438
img_00777.jpg,0.05943662293660409,0.8713475344745264,0.03898946811839526,0.0016259675405522562,0.00095895481783421,0.02259455517892323,0.004271615220694065,0.0007752817124705776
img_00780.jpg,0.052817448648753276,0.3522046363566711,0.00043463593840388043,0.0005438254282680168,0.00014925367892879365,0.003413710168845314,0.059904176197360305,0.5305323135827693
img_00798.jpg,0.0012183884629705661,0.9417440482549252,0.010218282726784001,0.0009352269762614665,0.03256053972697282,0.00482368071113252,0.00010264348565203191,0.008397189655301354
img_00808.jpg,0.02902069875185076,0.9336004434650947,0.005703936817715762,0.0052065735090845635,0.0004998541306271617,0.02492333381753194,3.2683250063449635e-05,0.0010124762580312969
img_00816.jpg,0.010361242887554082,0.9768342829623599,0.0005305476285934715,2.1857789624237088e-05,2.0381815149563785e-05,3.2567363763397085e-05,0.0003475245759882902,0.011851594976967042
img_00828.jpg,0.8756991638607967,0.0015093691148276368,1.0633748060845868e-06,0.12191687848343435,3.87560170428805e-06,1.6182912045062126e-05,2.248232338931444e-05,0.0008309843289966193
img_00833.jpg,0.047544807315264725,0.3811474772264979,0.02465874718697749,0.005688988501888909,0.01541150228824491,0.03454817104928852,0.03589336651276639,0.45510693991907114
img_00837.jpg,0.09418139794077822,0.8183137486964612,0.0665800031431571,0.0010485430027103774,0.0004499502909931532,0.009030387562876198,0.0016755982801980067,0.008720371082825853
img_00855.jpg,0.10609685599452261,0.8521320585922113,0.004501229097665115,0.0008120022946272793,0.008101771768958524,0.018069067419711284,0.0001910531852565571,0.010095961647047316
img_00857.jpg,0.004578326245437331,0.9915692046003478,0.0010452279460359845,9.53463215494334e-06,5.131264440153001e-06,6.137547221779417e-05,2.800133926443435e-05,0.0027031985001014745
img_00858.jpg,0.06047931580931184,0.9162370315087831,0.009418096844265193,0.00020247790306144727,0.0001229676913412383,0.004556534109627081,0.0005244822057212568,0.008459093927888935
img_00865.jpg,0.0018036339178849026,0.9721983996852926,0.022122845557184495,0.0002108201397116107,0.0005872585618554257,0.002762647274671975,1.4755364419766915e-05,0.0002996394989791823
img_00876.jpg,0.9709295354485391,0.00749183488191681,0.004844515473767296,0.004227986438708706,0.0025718331176018032,0.0054495163171179445,0.0022351533163492256,0.002249625005999056
img_00889.jpg,0.6210984789979501,0.15766021130138805,0.04797045789108883,0.019142278521872714,0.0025864774043357986,0.0010645985183994973,0.008895865487561133,0.14158163187740386
img_00894.jpg,0.2923688817590553,0.6743876025698529,0.0010687875868021785,0.015367973571148545,0.0001993913321902183,0.0002956015681680338,0.00037674728842607217,0.015935014324356622
img_00902.jpg,0.46599277733400973,0.022712408211995036,0.04600414426250627,0.00127835280588433,0.0024486119703944565,0.011471276265643352,0.4375025131598912,0.012589915989675557
img_00914.jpg,0.0029544987979504287,0.008355046712435338,0.004010411680561661,0.00021942311822165225,1.2843102224310213e-05,0.00035536956671554306,5.624620973085114e-05,0.98403616081216
img_00921.jpg,0.01713782794685101,0.8558334386466349,0.004760001431706633,0.001259890409700361,0.00022848876753283156,0.007979440276374445,0.0657694790562678,0.04703143346493199
img_00927.jpg,0.001427883276265418,0.019937441378274242,0.007255100040370889,0.00011174339832375098,3.4960304377196405e-05,7.032314230531572e-05,1.334381005719592e-05,0.9711492046500261
img_00943.jpg,0.0016725660632281427,0.9697100804180527,0.013323903640086794,7.93287017808258e-06,3.3561393051841236e-05,5.355432907683479e-05,9.038687226504067e-05,0.015108014414060471
img_00948.jpg,0.623270604518773,0.1138378609732756,0.033688810490874514,0.15105657273504056,0.008354603305663686,0.013122174309298145,0.008901149924949087,0.047768223742125415
img_00950.jpg,0.993744868583473,0.0027821167137653483,0.00035109448842025545,0.0011476087672119856,1.0422891167721817e-05,7.269457188441812e-05,5.23165696290952e-05,0.001838877414448026
img_00959.jpg,0.026355036308567545,0.9423003529437547,0.0014095250714306427,4.424456756859595e-05,5.217772642940041e-05,0.0057612374072573596,0.0002035174720537309,0.02387390850293788
img_00962.jpg,0.11377841777798496,0.11946533359617859,0.009095287156415397,0.005873684839978164,0.00016364990841457824,0.004596835171675384,0.0002820960752587336,0.7467446954740943
img_00964.jpg,0.00036572312983571453,1.2628607766804953e-05,3.388679934207514e-06,0.9996046510601582,1.5498109899621959e-06,3.699657650119998e-06,6.083573929368875e-07,7.750696271955013e-06
img_00966.jpg,0.09038977469728383,0.8142079513109912,0.027100805847950892,0.004636823740938704,0.00033786299002448917,0.0008723421491228029,0.0009685903195371116,0.06148584894415091
img_00974.jpg,0.0006205057340311867,0.8521690338612354,0.11268104426810743,7.229954809652968e-05,0.0003572039978884325,0.00015707705343461414,3.352108650008437e-05,0.03390931445070634
img_00979.jpg,0.06975210808373844,0.007050139249745861,0.00037813187725616824,0.0015011980769328414,6.943689065135053e-06,0.00020496810991005738,0.0001488260875690831,0.9209576848257824
img_00982.jpg,0.03405195807123022,0.6742400571310759,0.004925510966336874,0.0022427218005467986,0.00045978685111711424,0.04031299770114454,0.00137124485825086,0.2423957226202976
img_00985.jpg,0.034786688435526764,0.9338029631845759,0.003854224956691674,0.002984413421722657,0.004515571480930826,0.0021191412627710265,0.012837503531567361,0.005099493726213745
img_00999.jpg,0.011831452028867583,0.8941264650437286,0.024959996298326025,0.001164653688175641,0.003092357110431901,0.04754604448404194,0.0010192626806249808,0.01625976866580338
img_01022.jpg,0.01905834282370368,0.9255173869184615,0.005106266427710856,0.0005690148274795422,0.0008584586636179486,0.04680825457258339,0.0007751747664466736,0.0013071009999962241
img_01031.jpg,0.03662935767812011,0.798796317433965,0.002576199362267355,0.0011968676544405813,2.7025934947529728e-05,0.003070211887884694,0.0007726815662846538,0.15693133848209007
img_01035.jpg,0.14080018234763558,0.7008678294683401,0.06477863374559768,0.0007023880721449211,0.0006033479266189562,0.08024772975817564,0.007668153088224342,0.004331735593262652
img_01043.jpg,0.4802001924893006,0.2920831000880008,0.011093467062195016,0.10837363116368746,0.0005219599398027928,0.04358617345039951,0.04956153510975234,0.014579940696861436
img_01058.jpg,0.13330818923749532,0.8278690498829795,0.0034543252449390307,0.006851520426844775,4.386912636582632e-05,0.00016231874027869948,5.5186408587187375e-05,0.02825554093250933
img_01059.jpg,0.002208184809518232,0.02109871228595566,0.0066156492884191604,5.256086293444234e-05,2.6842390039022616e-05,0.0005753741962446474,0.0016099206795736761,0.9678127554873152
img_01090.jpg,0.9907966659012977,0.006787209390840604,2.577584426896686e-05,0.00048055373169937095,9.627615621793578e-06,1.586042279573165e-05,2.5852299510689144e-05,0.001858454793965238
img_01102.jpg,0.08198755026136208,0.06990313909810203,0.8153374201164162,0.00011051520140898741,0.000927106168749136,0.0001588623922714283,4.993174341328626e-05,0.03152547501827665
img_01103.jpg,0.09839656954915885,0.20104427600396857,0.1547125456049294,0.015013733625905745,0.02541792508871174,0.014081706923053617,0.021363961945635453,0.46996928125863674
img_01116.jpg,0.018082620875390455,0.8910400331362149,0.0027285826708997344,0.0050762113760437644,0.04512579546143702,0.036474338919469496,7.165294428773755e-05,0.0014007646162564453
img_01134.jpg,0.017361553176862388,0.9254009682552103,0.013287968274269027,0.0014739060192163057,0.0009515758757414257,0.002146375068090638,0.010605247708326538,0.028772405622283354
img_01142.jpg,0.9716861413784423,0.0025489138927998396,0.007541673179738678,0.013372906617985451,0.0013121965286721432,0.000631009729191693,0.00015094263042508672,0.002756216042744822
img_01168.jpg,0.0178292373653561,0.25114464039871837,0.019923987417993293,0.007698744940442827,0.002538153042324335,0.41623345768353653,0.2172189486564589,0.0674128304951697
img_01171.jpg,0.976984686539592,0.007170361138814931,0.0030120522922080306,0.0024303763931030247,0.00019512989792184324,0.008175802993866998,0.00042237282448059086,0.0016092179200125271
img_01177.jpg,0.09841453378224103,0.8091597878520371,0.03014159868859175,0.008420221599407673,0.00333253018998662,0.005711937023133499,0.0007717511287651562,0.04404763973583703
img_01179.jpg,0.0021842483845659864,0.9920548484477377,0.0010906644179409359,0.00024175014903768204,0.0005156857391829547,0.0037131724311084057,6.71979504768292e-05,0.00013243247994947858
img_01188.jpg,0.053632695103856286,0.18770995367068657,0.10204252642603764,0.0011391467886864666,0.04901604911043183,0.05534089821651417,0.009301081920656607,0.5418176487631304
img_01198.jpg,0.6890258493118677,0.19771218306809338,0.055159827561192996,0.011958632444846951,0.005654260673028502,0.0082204199466445,0.0010163892951416589,0.031252437699184135
img_01204.jpg,0.9150194010820201,0.023248817997824866,0.009276260590944626,0.015596382581518207,0.008855292812384412,0.016188892290836896,0.005833422672775706,0.005981529971695025
img_01208.jpg,0.9930074508793064,0.003877418867289043,0.0002476984447900428,0.0007964120231701596,1.8536734694374867e-05,7.116289755877063e-05,6.272169217823289e-05,0.0019185984610130818
img_01211.jpg,0.005304416231110378,0.9568737001000036,0.014280838726978462,0.00030597080073966097,0.00023579065069444499,0.000213178744829251,0.00015008957583697948,0.022636015169807493
img_01213.jpg,0.00274908607885739,0.9688945351164004,0.0003879999885810881,0.00010120727387176238,0.0002577412282205717,0.025859789909774392,3.908616719796494e-06,0.001745731787574836
img_01222.jpg,0.0012575012803983478,0.9819683557422324,0.010677814594923734,1.2363977238156269e-05,0.0014635316478277915,0.00042527945308755357,3.2827073805140706e-05,0.004162326230486992
img_01224.jpg,0.025708942351755807,0.03510576369443765,0.010154410708029905,0.0012013594533768822,0.00012720283329798599,0.0018269401919584012,0.0015495520387348797,0.9243258287284085
img_01237.jpg,0.1157907682789702,0.42969891295534907,0.06997321019812847,0.027706152265725103,0.0023268858344704497,0.004365626582891206,0.002284600699024367,0.34785384318544116
img_01249.jpg,0.38626244189704007,0.44131364318103616,0.043662576996290295,0.07234420628125099,0.0024903678399749328,0.024920748239104878,0.00491518777623303,0.0240908277890697
img_01253.jpg,0.0005549429754252065,0.0015415180316432594,0.00022787380686980076,0.00023396424834693096,1.749660022239468e-05,4.6605781287868994e-05,4.185342864301064e-05,0.9973357451275615
img_01286.jpg,0.011201456013346232,0.09320784423002779,0.0003707108238894824,2.3983427580202965e-05,5.605028363569195e-05,0.0002845304385410265,7.309489040755112e-06,0.8948481152939388
img_01289.jpg,0.00039397015911306755,0.005443449397217765,0.001756816192843371,8.081712195918999e-06,5.0560481575476666e-06,3.687181270525157e-05,0.00010039818805105427,0.992255356489716
img_01325.jpg,0.9830391509999756,0.013892695609617258,0.0007709972285340146,6.443694111368114e-05,0.0007946445405756579,0.00020150801541600038,0.0010747082278451069,0.00016185843692245302
img_01328.jpg,0.011800763748429345,0.9694090284496574,0.004634701465121655,0.0003450819146302253,0.0011432098278575948,0.004813280503409884,0.00019473398750535705,0.007659200103388638
img_01366.jpg,0.2572866926548876,0.5670896073906467,0.025603656772347126,0.015357721699569307,0.00027409587990407844,0.11160136837454997,0.01364291190040144,0.009143945327693553
img_01371.jpg,0.016397090180273157,0.9623346540040638,0.0036112204395414853,0.00010642158131233876,0.0006743145379581252,0.00458458386182584,5.645900221266657e-05,0.012235256392812857
img_01373.jpg,0.4269833726624195,0.3545802014987722,0.01642764172090888,0.0018250639849219964,0.0003379812161384137,0.19613581365840346,0.00040113364785485204,0.003308791610580641
img_01377.jpg,0.8685057896740703,0.053357390100797444,0.019033330752527368,0.039903879637434865,0.0006200962218802511,0.011297142046623248,0.003080264637386533,0.0042021069292801395
img_01379.jpg,0.05006545760306742,0.9083557303452621,0.017191734682439258,0.004060808864931991,0.006349064670891928,0.008889196889285442,0.00033619710907487266,0.0047518098350468425
img_01384.jpg,0.24764197424329498,0.08272389195300864,0.008100199317335693,0.0038887989713064937,6.353999322426125e-05,0.635916261456516,0.0003410299945006771,0.02132430407081327
img_01388.jpg,0.006369208083987937,0.9616410703653429,0.017473311152802297,2.4871462307607486e-05,0.000141138831031297,0.010328800307401322,0.00019310092498291657,0.003828498872143595
img_01392.jpg,0.002812646037086619,0.00048650019429359777,0.00024636918222161407,0.9941044482568616,7.793288093315601e-06,0.00012921063230445667,6.641508146770313e-05,0.002146617327670936
img_01399.jpg,0.24593583544952907,0.028894785574069326,0.487032840376831,0.0976491169533822,0.001184008803504713,0.006765936368777518,0.005219374941762125,0.12731810153214407
img_01404.jpg,0.008295933221583663,0.9448723595910293,0.0010923961710044647,0.0015061440608019677,0.0007827633162260656,0.02808900713381923,3.556759055140016e-05,0.01532582891498391
img_01405.jpg,0.0156166893754832,0.6193038983436328,0.04270129142493583,0.0033615312632137503,8.174311617154598e-05,0.31614608098679087,0.0012406015481157288,0.0015481639416561942
img_01413.jpg,0.009878025656308421,0.9742926156565469,0.010001295533136887,5.855275125456247e-05,0.0001430341978024104,0.003558436132827596,0.00024369820791280404,0.0018243418642104826
img_01426.jpg,0.08144510617561203,0.079132080360784,0.007465930096445162,0.0025025522699099975,0.0013647039024462934,0.04026486348007449,0.2201849224923534,0.5676398412223747
img_01431.jpg,0.00010883328769590389,0.0006113867280260727,4.506743109089761e-05,1.7444802837712293e-05,0.9990995786706174,1.8947947055559917e-05,5.636749040137039e-08,9.868476518586766e-05
img_01441.jpg,0.0008942561781317732,0.0007722592011133539,0.0002542891424159463,1.1023336479812935e-05,5.547748310110512e-07,1.8937340458570454e-06,0.0003222137597463217,0.9977435098732358
img_01444.jpg,0.013461978655813212,0.5589160361353541,0.06126735563595176,0.0003886802022082392,0.00045352133355180534,0.003229866801373529,0.004147122036448038,0.35813543919929924
img_01490.jpg,0.00479262482401383,0.01156725151325011,0.004220328784319744,0.002816583443460312,9.725484490792116e-05,0.00012030315749766425,0.0001270713750055353,0.9762585820575448
img_01495.jpg,0.01591883150702092,0.9540667175502263,0.01987240394353433,0.000678043457562346,0.00021144772078433434,0.002673894375880335,0.0003615026204721849,0.006217158824519185
img_01505.jpg,0.9887815819071297,0.006717480808536479,0.0001767339975640614,0.001741114640709455,0.0007499858698515621,8.930854942825969e-05,0.00014639282270695778,0.001597401404073536
img_01511.jpg,0.079454251436237,0.5588297998232721,0.26349889966497886,0.01678428969742083,0.006047624018323222,0.0454973907210491,0.006219216741706099,0.023668527897012733
img_01519.jpg,0.22592693623826007,0.5199448983633571,0.052733404862966626,0.008045815094629186,0.013491697696186163,0.0063006966634255755,0.05931633188333836,0.11424021919783688
img_01530.jpg,0.013533524290456189,0.8595112202836138,0.08796333783283469,0.0015797255958550122,0.005182175607707544,0.002476384257396957,0.0013931354122056745,0.02836049671992987
img_01537.jpg,0.37722573970701045,0.2611307210862508,0.21188500605422367,0.026602644269709052,0.0006870562429834678,0.04117486636663146,0.011856058204081681,0.06943790806910939
img_01538.jpg,0.016508190346857573,0.3963844229815831,0.011631177776511395,0.0011038521381720413,0.0001604348112747593,0.5588487805955338,0.0001912531678297533,0.015171888182237489
img_01541.jpg,0.902882280611866,0.003345033293087508,3.3880829159499222e-06,0.09275726428980388,3.941276978864947e-06,3.535590316784593e-05,2.700328543260659e-05,0.0009457332567473452
img_01543.jpg,0.05094599797408402,0.823123203978456,0.00232783707332136,0.0044532736237688645,0.00019642704423421308,0.00026704820417609463,0.00040136852959438,0.1182848435723653
img_01548.jpg,0.04127921610390117,0.939161614989778,0.003887393740551122,0.000984409356537909,5.810573216557303e-05,0.0020100420605525266,0.0011996847087671232,0.01141953330774647
img_01552.jpg,0.005126048801065789,0.9386692681135114,0.001155594631982445,0.0003866586462083327,6.9745529849134766e-06,0.008419578313102694,0.00014543600848356325,0.04609044093266122
img_01561.jpg,0.9621115852379029,0.023390958903522996,0.0003296431747965512,0.007931066825418472,7.854613105896865e-05,0.00048508992138678145,0.00044346628351716255,0.005229643522396017
img_01562.jpg,0.0011641097705442068,0.968335675782432,0.0030620021429499777,1.338953941811321e-05,4.720174581899499e-05,0.001116478580407303,0.0008174902555331559,0.025443652182896192
img_01571.jpg,0.00282229692401751,0.8753560077304833,0.018140440031049487,6.0960326167602725e-05,0.00018780069350579338,0.00026166566840708804,0.0003037325496228273,0.10286709607674636
img_01593.jpg,0.05287359825655842,0.19430446274286328,0.3302178458697016,0.0011146527207134673,0.016743935399696774,0.005571140278448995,0.0021800010042969625,0.39699436372772057
img_01595.jpg,0.10466900253445646,0.05288655257181448,0.08250750039157369,0.2596494161712027,0.0017249843694321124,0.0027846387456708487,0.0010998683842803317,0.4946780368315695
img_01616.jpg,0.0027205902593977036,0.9487898642179653,0.020213587948765755,0.0005846734123287425,0.0005405781948266449,0.0022267504087876777,0.0012924455751758405,0.023631509982752295
img_01618.jpg,0.13377239627486837,0.4875359054836197,0.0005726425040146565,0.000817941728126458,0.0051683591310774995,0.004292123258480913,0.01974240321788684,0.34809822840192545
img_01627.jpg,0.031878443613298196,0.9496185460504006,0.0005160658990204187,7.525476230835032e-06,0.00012572747649917823,3.595773998515569e-05,4.930506763130364e-06,0.017812803237802453
img_01632.jpg,0.5761898433188647,0.38976218223221964,0.001242483053017776,0.003861672701737918,0.00025088545338862786,0.00031707318893947254,0.0006016881793184327,0.02777417187251344
img_01633.jpg,0.01594615861926779,0.8681480826336766,0.007999305847174468,0.00035476855207591617,0.0003565746817895656,0.06493395281461714,0.005360536568605499,0.03690062028279298
img_01640.jpg,0.05802814992404618,0.9182849117219685,0.0024244712119291874,0.0005993698257387993,0.0003928304785301926,8.951385225310428e-05,0.00030993289885556736,0.019870820086678488
img_01646.jpg,0.0040241739529577394,0.9383022425441413,0.036568627146036536,0.00034585562127346627,0.00011852488857234199,0.013738918015666637,9.252154769404718e-05,0.006809136283657738
img_01647.jpg,0.9478767867719852,0.0037916033937123103,0.016367419610653806,0.008769665887657785,0.00024832069886871226,0.015023869825397902,0.0035053906457503145,0.004416943165974183
img_01649.jpg,0.00937037587191571,0.7507576296936014,0.0008276714371145541,0.0003343457152457812,0.00021153340070540164,0.000436122923300432,5.894267489426998e-05,0.23800337828322232
img_01657.jpg,0.0758062087562129,0.00044775216847979066,9.209428603430817e-05,0.9189850903498878,1.0415528226481543e-05,0.00012687549614986567,2.793145162647575e-05,0.004503631963382578
img_01669.jpg,0.00014834159204851828,0.0011505212606731418,3.7360318942268776e-05,1.1888669174154686e-05,0.9983014493400364,3.919625460246052e-05,9.817168659352071e-08,0.00031114439283666935
img_01673.jpg,0.7187643642456946,0.264683541903332,0.003231925197952264,0.0015115756165707036,0.003587727757172584,0.001687483173465449,0.0014504171376180336,0.005082964968194431
img_01681.jpg,0.008197559819093323,0.11132123022186352,0.01047067350201189,0.0033591141560760716,0.00013714758616927935,0.0009930567573019427,0.007345798627436686,0.8581754193300473
img_01684.jpg,0.007203242540671555,0.9810807568539471,0.0017607635167104546,1.2786099996595962e-05,0.0004909551825374775,0.0007529297991362256,6.880279359568333e-05,0.00862976321340462
img_01685.jpg,0.6721504754022566,0.013270698940234863,0.006602509936013646,0.24019356704025857,0.0008046766821950922,0.014781155829909392,0.0011067692631483307,0.051090146905983666
img_01687.jpg,0.01856218353062577,0.8201923132814,0.0020641542319573447,0.0011639118179356382,0.0007599093225754439,0.001391838732094816,0.11082211446626876,0.045043574617142014
