image,NoF,ALB,BET,DOL,LAG,OTHER,SHARK,YFT
img_00005.jpg,0.9964505872279534,0.0014823310290265552,0.0002941563431271358,0.0004860626958342177,4.904477974512381e-05,0.00042818561529501045,0.0005529665177120394,0.00025666579130638044
img_00007.jpg,0.008864419625460085,0.15440169340305124,0.009545764401438358,0.0050779042867956006,0.04574269059016783,0.0025144825214306454,0.002992620944779333,0.7708604242268768
img_00009.jpg,0.03514710712208934,0.46492831380197486,0.163935287112115,0.01156177846990303,0.016105749039831925,0.28774935107599525,0.004043322441660278,0.016529090936430346
img_00018.jpg,0.009210055383968702,0.7522925589573204,0.017413850473414143,0.0015958325114153306,0.0026023390170247787,0.21254786594940792,0.002368934524520751,0.0019685631829280464
img_00027.jpg,0.007295094290581901,0.32426026271818403,0.05756511109786199,0.07220267638566506,0.008675368571452298,0.13775992368816933,0.03554727881966101,0.35669428442842427
img_00030.jpg,0.9925850776562838,0.0030760249756536825,0.0004070477344638366,0.0002618830315918145,0.003026987541021361,0.0005265465182104971,3.074095189487459e-05,8.569159088011966e-05
img_00040.jpg,0.10561283598178418,0.007043847521120386,0.001231763975807509,0.002580816909642575,0.0003177195453216978,0.003999454588652301,0.8762334802960918,0.002980081181579443
img_00046.jpg,0.9966588106338841,0.0004213863072915629,0.00021356361208520286,0.0002252173577124111,3.730729991513522e-05,0.0006966728783780524,0.0015482309840936861,0.00019881092663986388
img_00053.jpg,0.050520056371810534,0.8645276765409609,0.04496389891113979,0.008322763265624976,0.0014226505520439053,0.01785191252281746,0.004143662459881135,0.00824737937572144
img_00071.jpg,0.11687511779821512,0.0012446277616127372,0.0003773292111737764,0.0003038491586251934,0.8804441382135879,5.1850567999565195e-05,4.169810238141426e-05,0.0006613891864043634
img_00075.jpg,0.012718097346421217,0.5194719905124001,0.027808712423313068,0.009162025936204193,0.004321016587333038,0.3975301327185522,0.0030064367100217865,0.025981587765754537
img_00102.jpg,0.02482593255416483,0.46310073032937005,0.019296101320504046,0.012161340688736332,0.01184952467039474,0.016236272634474726,0.021412441128773642,0.4311176566735818
img_00103.jpg,0.026532548763682027,0.4343569530043158,0.13081574438812402,0.28281743273672244,0.010722188540384021,0.06683882256675892,0.007507636704074621,0.04040867329593809
img_00109.jpg,0.015847955469218744,0.752412592308764,0.08357953093931376,0.0076511678928027444,0.003346922953204995,0.11480780761806719,0.007402772575021928,0.014951250243606712
img_00119.jpg,0.9985909743156492,0.00021488270103389213,0.00010805524785607466,0.00011010361951582472,1.6150019655652766e-05,0.0005005407745238015,0.00038656096933583527,7.273235242977923e-05
img_00120.jpg,0.02408260080086301,0.8341257291444747,0.052313736027515205,0.0028088321788858404,0.0045991265200410105,0.005352763318795393,0.0033297532207434396,0.07338745878868135
img_00125.jpg,0.009981085105663411,0.8884037707869102,0.019203793329943115,0.0018158019996860205,0.0027610256410928293,0.035214690721937454,0.0016354728922754955,0.04098435952249163
img_00128.jpg,0.01661182908130968,0.08865759789154869,0.3421810550345027,0.38436896276433263,0.0005788079576613067,0.02514100958698248,0.0015478229867056787,0.14091291469695688
img_00129.jpg,0.2055502479660784,0.00401733039630012,0.0007237178890874037,0.004058666912032069,0.00026144421715906227,0.003505225156038581,0.7803861684352709,0.0014971990280336718
img_00133.jpg,0.9897496004673946,0.008590153939126136,0.00031520822030910265,0.0004426855465115923,0.0002503342378845094,0.00047720241697784513,6.05220584272973e-05,0.00011429311336891063
img_00138.jpg,0.029967298366283684,0.5319971859318404,0.3576922377986375,0.011891001124146634,0.0033351447922817514,0.013916600449723822,0.005082333461190197,0.04611819807589604
img_00141.jpg,0.006165976384239416,0.0015562313682416097,0.0022998269943402825,0.0037912503135393892,0.0002709292583594945,0.0011736653355112474,0.0006833814683042169,0.9840587388774643
img_00152.jpg,0.06801827635164649,0.04985464537547841,0.10819616415342642,0.013929744474392628,0.0027030040545197084,0.10591460356606294,0.02761735464887925,0.6237662073755942
img_00161.jpg,0.01278346669870783,0.0009878404391938764,0.0013271670798269597,0.002840713319379383,0.001266962522781618,0.0006278280479808952,0.0011603568028885818,0.9790056650892408
img_00164.jpg,0.9970735774915397,0.0018945382735887039,0.0001920313602273927,0.00019183509320422785,3.1066385961159975e-05,0.00017671687250173966,0.00023368880019141854,0.0002065457227852704
img_00170.jpg,0.08525794260886345,0.04240934282523037,0.0068865644619951535,0.005085751559637046,0.8237484235579715,0.002523048253174232,0.001459696340231124,0.03262923039289711
img_00171.jpg,0.6461669035162821,0.22749890731764338,0.011573629515584535,0.006981727630761976,0.0017089345999545364,0.08522224895617961,0.0025625598772769276,0.018285088586316896
img_00172.jpg,0.9955857804727871,0.002853405841708866,0.0002126745574935836,0.0001811481631809829,4.122933932244058e-05,0.000991409031323765,2.9001549005360296e-05,0.00010535104517799863
img_00175.jpg,0.4455750441209711,0.18353884992186534,0.006012062383857918,0.004884667054924232,0.0007011387598252812,0.35204669563501106,0.0009795658164296304,0.006261976307115383
img_00180.jpg,0.023935620659626893,0.000626221708910985,0.0002492873831116016,0.00017063391584311045,0.0008878709445696158,8.820652577776807e-05,0.00019431943451952546,0.9738478394276405
img_00196.jpg,0.9988713314723938,0.0005265056641550221,5.0554126380240045e-05,0.0001356557131532377,7.70309827332675e-05,0.0002048147494871791,9.688257683935029e-05,3.722471485782717e-05
img_00212.jpg,0.010368964307078761,0.29281352966618884,0.05088673403834646,0.016493464331793436,0.2932739958169557,0.006066449093705397,0.005294404617760686,0.3248024581281707
img_00223.jpg,0.03315143014610243,0.8523979517553983,0.055071184982239174,0.008363961703336318,0.003999056125205934,0.021982007258626864,0.0024546050353444785,0.022579802993746297
img_00230.jpg,0.022696987119649934,0.8468553444810857,0.05680376047825958,0.004589780377203145,0.008367792186394092,0.03079300760949537,0.004030639588858819,0.025862688159053255
img_00232.jpg,0.04168409185399278,0.010410828185566262,0.005299678106753342,0.0013172957527181168,0.0006523719615407438,0.02522494784225664,0.9043853905934848,0.011025395703687374
img_00244.jpg,0.009559092181827598,0.6301079716590172,0.07530140090201395,0.010094193029474669,0.01779133471036491,0.2189537452589205,0.008772738864471191,0.029419523393909873
img_00272.jpg,0.05925104666283942,0.6931059313576347,0.21747396824329804,0.002949597265046004,0.0040022558154761325,0.019629058338949183,0.0006228457136215467,0.002965296603134949
img_00280.jpg,0.08941573629957375,0.7864391737666545,0.03568017029367415,0.010785448397006321,0.003733618586246444,0.01133957469204054,0.002965967211543234,0.05964031075326086
img_00282.jpg,0.1372585610906758,0.5093452711163742,0.011987345488289903,0.01627699390578919,0.000833355093217759,0.2875253404551706,0.004086072792469284,0.03268706005801331
img_00285.jpg,0.013607597101016541,0.49598003393250684,0.05908685345540793,0.0195166936349046,0.010451428743898756,0.04077339552292186,0.08264924387906933,0.2779347537302741
img_00289.jpg,0.15486978083423056,0.6691171279801695,0.0455484328803903,0.02552982915689055,0.008604781470531736,0.026058456010956174,0.008332479236681078,0.06193911243014996
img_00292.jpg,0.027860401792196954,0.9097440065618283,0.008764405718976808,0.007243285985371009,0.003650159078814841,0.011915446976719559,0.025186598898408397,0.005635694987684016
img_00302.jpg,0.04247857082774449,0.13941545792474597,0.005079999568214042,0.004436383515369628,0.0012099896633516345,0.024732678755036652,0.767899526302197,0.014747393443340513
img_00311.jpg,0.010076858219794588,0.8631070800448268,0.06850041892773026,0.005222848566615998,0.015254749502240048,0.003484561534737009,0.0013620674603998584,0.03299141574365528
img_00320.jpg,0.012368217905086059,0.8540145375430193,0.01952229686452943,0.009386942939168804,0.003153339007721074,0.05044119602285663,0.002479971313132767,0.048633498404486074
img_00331.jpg,0.06177634361582344,0.6690095153389454,0.09563565879720717,0.011876551470669483,0.010772900898069825,0.08183999153528207,0.006804813479809755,0.06228422486419297
img_00358.jpg,0.07529832395757909,0.42239752089184684,0.041421784835541445,0.00787277110936217,0.007927933190389787,0.015159508172031159,0.0293621980388995,0.40055995980435005
img_00374.jpg,0.038511428801131585,0.9282542751061096,0.025157517199339625,0.0008898445706405,0.00021768248960582774,0.00034106460313061606,0.0017149601792508325,0.004913227050791212
img_00375.jpg,0.084953638786689,0.007407653937887307,0.013994411511504245,0.8823986282258638,0.0007537728399474747,0.0060760046139285775,0.0015291149438020437,0.002886775140377434
img_00376.jpg,0.026825519455298808,0.9152723022030614,0.002592552758368184,0.005016753990659228,0.0009417276072202996,0.04114753355842027,0.0023982675962733666,0.0058053428306984916
img_00380.jpg,0.011595543310391958,0.8445590155071615,0.10257287902961514,0.00304220284099194,0.0020790456479699254,0.024822076888152515,0.0018968667560927586,0.009432370019624395
img_00383.jpg,0.041016427722070176,0.4564403025688603,0.04410543583579226,0.0045817372650895265,0.05926634469126144,0.011172188700283567,0.0008785677971550936,0.38253899541948766
img_00398.jpg,0.012429405912447686,0.841968448391562,0.010851946268957607,0.003045571560438309,0.005934597098379143,0.05379316030489117,0.0016587730556560773,0.07031809740766791
img_00407.jpg,0.02787573119575713,0.8237891065190003,0.053044493167761594,0.007110777212609361,0.0009026571770568497,0.03452693763835027,0.004010655418257552,0.048739641671206965
img_00417.jpg,0.010108054405344765,0.34717316187726643,0.030113287588076066,0.012649591398877684,0.19409971613243085,0.00462161044010714,0.004535442947357787,0.3966991352105393
img_00432.jpg,0.1058521740491684,0.4550141255513756,0.029200054458720495,0.045649781515786456,0.00798158113781175,0.21572900081715757,0.005651351223769259,0.13492193124621038
img_00442.jpg,0.008618071784795338,0.00033895463769031015,0.0006768782739695034,0.00031204837029687806,0.0004743923453153133,0.00029486431246807213,0.0007635098699036896,0.9885212804055609
img_00446.jpg,0.010833506291586385,0.6637334734383883,0.08773548393246368,0.006700477292238371,0.007254693057672338,0.051011092117290956,0.02062698972621284,0.15210428414414717
img_00469.jpg,0.005275971960529672,0.6143500520682403,0.04339324624725071,0.018325929027100354,0.08277595894758825,0.02797307795838087,0.03183491727393312,0.17607084651697677
img_00473.jpg,0.013749896495632559,0.9101110097307831,0.022703129789725156,0.007196011560516536,0.015365039019158547,0.006737068649596123,0.0018007103341865398,0.02233713442040136
img_00483.jpg,0.02517326568336705,0.7950275554020299,0.09673181883381404,0.005533278904276285,0.008793001609434067,0.016477205902807483,0.012138779923199727,0.040125093741071594
img_00484.jpg,0.017104225127380423,0.06097591018514511,0.11191757281306464,0.0026053454965171722,0.006131337402792059,0.005193950838088065,0.02942046482900262,0.7666511933080098
img_00486.jpg,0.2284096467264057,0.5827268026535559,0.12680937682622004,0.01905573620764319,0.027351537979732877,0.0011443627793308916,0.0034828488976593416,0.011019687929452156
img_00487.jpg,0.8719082660632406,0.0232352649798648,0.03980312701792766,0.008761313268761721,0.018563932021762354,0.002845834664980561,0.008999279630011982,0.02588298235345024
img_00493.jpg,0.9983412945256153,4.9030791655312556e-05,1.4872093925496623e-05,4.996674594622808e-05,1.557447311798451e-06,0.001263099387065833,0.000248731899506183,3.144710897371667e-05
img_00518.jpg,0.01200426105646881,0.7323990495042956,0.017185440523040833,0.029515934434331405,0.06912365307556059,0.01387469200587923,0.007373103354682097,0.1185238660457416
img_00533.jpg,0.05374232379628253,0.8946395223482106,0.006785279469889646,0.006618959396369858,0.010006602153204222,0.012631258199385606,0.005471351998384206,0.01010470263827342
img_00538.jpg,0.014785762478760126,0.9001000579098063,0.009055610709060406,0.002876761535164135,0.005065666119588075,0.044677847179642675,0.0010694576616418559,0.022368836406336648
img_00543.jpg,0.02245878860505239,0.8783588276879929,0.06786410794798094,0.0031081130424100117,0.008243616548883814,0.002746653156266666,0.0011773798753835526,0.016042513136029807
img_00550.jpg,0.08462108618735185,0.34573477321868273,0.011983104948969843,0.009610824441861992,0.001210717534656407,0.5179536982480355,0.0036200264878738335,0.025265768932567975
img_00551.jpg,0.1263350249703866,0.683241750427983,0.07188757238200198,0.0033269200856663778,0.001380980597289924,0.01966327198375621,0.018461406251973945,0.0757030733009422
img_00564.jpg,0.991340050462691,0.0020465284661957267,0.001346142335256018,0.0016896864339115828,0.0009045401540167582,0.0013505205442014322,0.0003753231131765378,0.0009472084905509253
img_00575.jpg,0.02543852299911249,0.538418678385833,0.04029540799834864,0.014909912547762161,0.011715525203703,0.07709423355990694,0.028334913206440483,0.2637928060988932
img_00582.jpg,0.01989388047207014,0.8349908977754239,0.05314291008941815,0.007962140093007393,0.02167175864023036,0.025317219602321868,0.001712299742681736,0.035308893584846394
img_00584.jpg,0.039031468580281004,0.6889776895362089,0.020312985269387913,0.04032528533134643,0.011304014569210614,0.05720741854340225,0.036186363519108394,0.10665477465105447
img_00587.jpg,0.04018123251152323,0.2487692198730305,0.05236586789102789,0.013175290694601051,0.024011584958269633,0.02997252205138385,0.004228746976118377,0.5872955350440455
img_00590.jpg,0.05298404727179636,0.00853524622684229,0.054237774269940676,0.0036213275805733304,0.0017594058286389068,0.0031699784681318236,0.0013843839811591625,0.8743078363729174
img_00591.jpg,0.1121742570524853,0.31918217817026817,0.0241149393403808,0.021644446322096295,0.01045556301520592,0.11328713098208669,0.019906485617896277,0.3792349994995805
img_00598.jpg,0.01929181597922621,0.9444573933882059,0.0059845463889778745,0.0023463679495392994,0.00567601382162748,0.019397919641718598,0.0003434198767161938,0.002502522953988425
img_00599.jpg,0.20052161504247984,0.7242089668277634,0.007365979862277585,0.002655244885925622,0.004371125292577281,0.0032386176524844845,0.0033618385871661107,0.05427661184932564
img_00612.jpg,0.037816214723830295,0.7736957527831677,0.006106590887971845,0.007482178993164324,0.011562258681481162,0.12235762115404257,0.004977206056550263,0.03600217671979197
img_00618.jpg,0.9726726292611112,0.013730771996090773,0.002297536312388531,0.0021064295296131155,0.001222799779090065,0.0006333655225849597,0.0007518319243517562,0.006584635674769553
img_00620.jpg,0.03763234272819515,0.7458428715877408,0.10429246192044786,0.03340780625711013,0.009559918105890611,0.036718777969064385,0.017176569544020612,0.015369251887530314
img_00642.jpg,0.028663025891475073,0.0019959711595794595,0.0014777493199020675,0.0006817828454828518,0.9645492938197258,0.00045533408131581395,0.0001618730651140933,0.002014969817404693
img_00646.jpg,0.009827878477370305,0.010581092408916781,0.018753066873098106,0.008136508470582835,0.002571502898468739,0.005665535222571907,0.017655531826425975,0.9268088838225653
img_00648.jpg,0.04641187734221554,0.8761498238245192,0.03317141265486956,0.003962556858853378,0.015579350162826085,0.0038228466521286262,0.000859383870430159,0.020042748634157125
img_00650.jpg,0.08457259069256123,0.031191248596316657,0.005359829718057109,0.013412768072174555,0.004393663890538125,0.2035614664131393,0.40618338426219314,0.25132504835501995
img_00654.jpg,0.021530631132984288,0.8017306745206746,0.05376216374396201,0.01585592857022015,0.0018729889658176393,0.06674952893234723,0.0009193782867820785,0.037578705847211895
img_00664.jpg,0.024896356762190427,0.705257060730765,0.07164979134869365,0.016082674100002577,0.005686256266811177,0.02297842081568708,0.006456107043290456,0.14699333293255978
img_00667.jpg,0.9988022943255499,0.0001904894132842849,0.000102253087494684,0.00011639661619357677,2.0409103755207792e-05,0.0002400943575893919,0.00048651144952210326,4.155164661094734e-05
img_00676.jpg,0.9985730379159818,0.00021517801006357387,0.00010786871440477682,0.00011802974490775845,2.258200174380536e-05,0.00038309331535921984,0.0004998869637017799,8.032333383728659e-05
img_00697.jpg,0.007458375225316913,0.001836996759695239,0.00897044161638108,0.003913018822304393,0.0006091827818369605,0.0005537409901329321,0.0010928026777707045,0.9755654411265618
img_00708.jpg,0.021903399040230125,0.571687124387512,0.09833286384245299,0.01180878507065484,0.03974229238804546,0.20261686314138458,0.010548584984004442,0.04336008714571561
img_00716.jpg,0.012460173034218022,0.34293313283065135,0.14974374709795363,0.003199304339251085,0.007753768510966098,0.22501805825077378,0.008041257742114042,0.25085055819407204
img_00717.jpg,0.004324848771343971,0.5242364355153636,0.2954630609851049,0.040407722201602526,0.003821355647519471,0.0940131326120943,0.014494293981206323,0.02323915028576491
img_00718.jpg,0.01563629052442656,0.8779091116512222,0.012978843729265494,0.006509635219929924,0.0077161672932313,0.03153632482837507,0.003832917136878243,0.043880709616671225
img_00723.jpg,0.9826478061711565,0.01084989360610139,0.002053888116737007,0.0010744555804684255,0.00010448433595739093,0.002302209115681194,0.00018244462789249904,0.0007848184460054331
img_00724.jpg,0.006806377768602612,0.016030514910338182,0.008487958448840979,0.020087810581533434,0.0024969964322395302,0.0022715592529511295,0.04711140316386092,0.8967073794416333
img_00726.jpg,0.00874890778390542,0.9146820872090505,0.029388603770944516,0.002327739753833224,0.003167253680186441,0.020293425832921274,0.006842384115914965,0.014549597853243463
img_00729.jpg,0.0986763812654006,0.7719688006634801,0.04365870104369925,0.0038250211291685726,0.004202450907277147,0.022616068232156228,0.009475393875891186,0.04557718288292698
img_00730.jpg,0.10005191728986874,0.4446758364578085,0.010814101939808576,0.021627571578624924,0.02603084690316794,0.06048673975339915,0.006823920647590015,0.3294890654297322
img_00757.jpg,0.018411257982036904,0.8009261497905288,0.045969367904955094,0.015183202682173847,0.0036445252449981993,0.07808290193731039,0.015130909628366841,0.02265168482962991
img_00760.jpg,0.05824724968339908,0.0017263175100492903,0.0009679137902036539,0.0008387377740411753,0.9351960325977561,0.0008784515118181175,0.00026652635044604995,0.0018787707822866706
img_00763.jpg,0.9980517282664662,0.0005096281058626015,6.858732021717846e-05,0.0001584846951923835,1.2893111175675886e-05,0.001060604086723367,4.8752387886231635e-05,8.932202647624362e-05
img_00764.jpg,0.013396128121142999,0.009208640867503651,0.01579984540526844,0.01776443416330776,0.001776638074210005,0.0021007973109171147,0.0019076231862999223,0.9380458928713501
img_00765.jpg,0.01305914950175811,0.10129371557794839,0.37965751012549115,0.005500853695613219,0.014201678649174142,0.11700191276750614,0.1634408169613611,0.20584436272114767
img_00772.jpg,0.022707415562255896,0.10185938639478168,0.02151626840305851,0.11693178502432139,0.0020930920461940603,0.3512757230798929,0.009475099357151542,0.3741412301323441
img_00773.jpg,0.03228819814816369,0.6095968737507144,0.14902961781601304,0.01984093980220729,0.004061575896954187,0.16690061391992742,0.006782375119961762,0.011499805546058318
img_00777.jpg,0.007497852448633933,0.46799490525914894,0.023349963393626594,0.00771423856597654,0.0014429604312809544,0.474587544087156,0.013381457798284353,0.0040310780158927615
img_00780.jpg,0.013625468986062901,0.04549931771382629,0.00905777419895991,0.012883835943923689,0.0024419790574605684,0.07274770792325307,0.05128146869457129,0.7924624474819422
img_00798.jpg,0.01973334627919001,0.9081491171458508,0.018374029317576198,0.005169544408679532,0.02769847636923355,0.003399748559486785,0.0005755680633778851,0.016900169856605293
img_00808.jpg,0.015314665130702967,0.904232333370235,0.025935869493421363,0.0025213666352919928,0.0051128448586800655,0.03365221164951784,0.0036301089179250033,0.009600599944225586
img_00816.jpg,0.017995707777392535,0.8618906674162405,0.03373431433812415,0.011442675627603077,0.0023994265036032416,0.013594121752395133,0.008498941886614965,0.05044414469802632
img_00828.jpg,0.9989924469205407,0.00011407907803056601,3.4977141927931225e-06,0.0006387443133742926,2.775042961887908e-06,0.00023389278154896685,2.9909800659235215e-06,1.1573169284802728e-05
img_00833.jpg,0.035373774334193905,0.36779820738168056,0.1255122926878743,0.004084947995419912,0.00556842104663933,0.3025444646559852,0.04213282725975932,0.11698506463844734
img_00837.jpg,0.07149346225124457,0.5459809141717117,0.026431277533671988,0.006497558807260625,0.004154881473284885,0.329956763138041,0.006829235301238389,0.008655907323546768
img_00855.jpg,0.012733328658162478,0.8571685382619652,0.027067403835864923,0.00125762135165052,0.004173804589622005,0.0463781775198178,0.0015349852914793016,0.049686140491437825
img_00857.jpg,0.015045583698202894,0.8622484201393775,0.037348147702653905,0.008657585861546503,0.003437371392256157,0.05046324717848644,0.0055175220178462865,0.017282122009630172
img_00858.jpg,0.023208749477963343,0.7994499668533119,0.03379139840708089,0.012947956999201784,0.005864649783885183,0.0352270462794684,0.028906861439687685,0.06060337075940092
img_00865.jpg,0.011549319906814008,0.9168547025867004,0.04617421102621275,0.0016611929001011745,0.00169244531230722,0.01567944315201608,0.0008371860637927716,0.005551499052055594
img_00876.jpg,0.9986629973873747,0.00020396636362413274,6.229185809146095e-05,0.00010985772187453137,1.6509972460699607e-05,0.0005275760421074007,0.00037048278502426163,4.631786944274341e-05
img_00889.jpg,0.8817856107358315,0.0661875345359347,0.02155389835488581,0.0025479313811505484,0.0007774044446831449,0.003780927222484021,0.0039675707735897705,0.019399122551440585
img_00894.jpg,0.2683777134138412,0.7074852572420756,0.0037181159931731207,0.001956508087256417,0.00045016555226193885,0.002045035586103132,0.0002260203003887052,0.015741183824899974
img_00902.jpg,0.0797850389132171,0.0014775233600272397,0.0011048591826341558,0.00033078058817393623,0.00015123879709631922,0.0011107853912553814,0.9130649843357107,0.0029747894318849872
img_00914.jpg,0.017445039169933486,0.000785130729831778,0.012816151388446918,0.0036112231928947794,0.0004381354866769468,0.0004863330963408263,0.00039570748877870975,0.9640222794470966
img_00921.jpg,0.047796809232732704,0.6149092883826623,0.02163887048075614,0.0030955334687888573,0.0010231729387509376,0.023513653487854613,0.13522867293940705,0.15279399906904745
img_00927.jpg,0.02259363531008565,0.02450646642006457,0.18706407723911553,0.0032950363893412297,0.002746809435181479,0.003308317414213954,0.0008050721174504941,0.755680585674547
img_00943.jpg,0.008702503221458106,0.7986179961984761,0.11252101150826638,0.008123098241377072,0.008005097080192071,0.013032364113689021,0.010208380285427785,0.040789549351113515
img_00948.jpg,0.992867535672447,0.005320246296957071,0.0004551493332586152,0.0005442157470755336,8.458815483759772e-05,0.00038086333316233637,0.00022898193770175837,0.00011841952456029748
img_00950.jpg,0.9902359016462239,0.004197299038202957,0.0004768974528118555,0.0024560380215227036,5.492997101459848e-05,0.0014606447991028545,0.0004766708833998848,0.000641618187721488
img_00959.jpg,0.017386323139463575,0.8169839835048945,0.024892064062120835,0.006406919306211568,0.004192409174881,0.07625370755483016,0.01312659676081243,0.04075799649678582
img_00962.jpg,0.09761817960856849,0.34241231103163894,0.11289950072824874,0.008917727445158972,0.0028004404815743064,0.02488338216262052,0.018105395910244276,0.39236306263194576
img_00964.jpg,0.014266692337835079,0.0008877225867518788,0.0011428501578662719,0.9780525623860532,0.00038922620225841667,0.000445089982820136,9.812678885344593e-05,0.004717729557561564
img_00966.jpg,0.5879764211688076,0.31693689250236123,0.007270796937780897,0.005235453959526421,0.00079182148653103,0.045427816746320404,0.0004749178596824993,0.03588587933899015
img_00974.jpg,0.012904300017636353,0.696113073606896,0.03674259453666457,0.005434096745299417,0.003923463576960525,0.004137737937260002,0.004963174151038959,0.23578155942824391
img_00979.jpg,0.02157914222049226,0.005776739774651966,0.013800275105374503,0.011701558905328669,0.0014833514862209853,0.006829636435942085,0.005625635065005945,0.9332036610069837
img_00982.jpg,0.6044572866752045,0.18730582317557723,0.10765415171726103,0.003914526967163788,0.0017304245307599505,0.07989234075272116,0.006820935431823517,0.008224510749488852
img_00985.jpg,0.031781259409774984,0.9156258576118396,0.011396084790229678,0.006357688972752989,0.011276574747960568,0.011360315486941622,0.007743320251447111,0.004458898729053495
img_00999.jpg,0.013943545636750251,0.5971353060172945,0.046326851887708215,0.04131033846413798,0.017876446533178575,0.02273040357086398,0.1798679554226484,0.08080915246741814
img_01022.jpg,0.014396558169311874,0.6591710118293156,0.019341973186031616,0.003601317054356908,0.006442049320170946,0.2854776632254312,0.004396357034583999,0.007173070180797822
img_01031.jpg,0.0643409172597636,0.5235779512822978,0.023863481747151843,0.007385278391954709,0.0028079224875166863,0.3474818965902761,0.012476496663730817,0.01806605557730851
img_01035.jpg,0.005036657672305382,0.4873514771600729,0.0214810810662439,0.014111377865972287,0.004534432642450058,0.44200985029848555,0.017894324020147814,0.007580799274322176
img_01043.jpg,0.44416732633351635,0.18208705443510795,0.011169390681607053,0.03569303958424666,0.0022622358463014673,0.10049810192011072,0.14893507632369654,0.07518777487541314
img_01058.jpg,0.07841284829399661,0.6233575628469177,0.04609460253916494,0.022315084415503356,0.005363799043340382,0.011988888935656349,0.002713987850173052,0.2097532260752474
img_01059.jpg,0.005876949117605575,0.006360760839828533,0.01184208801544629,0.0025816296431255817,0.0016088422598048494,0.00790938657479613,0.004370850108359078,0.959449493441034
img_01090.jpg,0.9973925175708889,0.0002083218970200024,4.688366446189069e-05,0.0014534720851454264,1.64160893390592e-05,0.00024848652604890855,1.048410631145096e-05,0.0006234180607845321
img_01102.jpg,0.08246225887830577,0.1224541741768614,0.6399949280529873,0.005995305757007641,0.029534714714578008,0.0030640436156039613,0.002347971755009582,0.11414660304964636
img_01103.jpg,0.04519092760565066,0.03637792610828666,0.04367254038795707,0.013353520720335528,0.012459596161847932,0.008635246359096951,0.06940284353690232,0.7709073991199229
img_01116.jpg,0.16832059273576433,0.690644746128212,0.013773691379245289,0.02205622748021347,0.06590468969723817,0.010369471044898382,0.0004529636420620537,0.02847761789236631
img_01134.jpg,0.017093457365594682,0.7173114029851773,0.06405710377144987,0.008661267122281515,0.004543157274644768,0.1358176901150463,0.02248885973085578,0.030027061634949868
img_01142.jpg,0.9986853391482658,0.00010237507922142516,0.0007015938058348361,0.00019874481068868274,7.021932618665099e-05,1.2059197911323837e-05,1.2813261600371593e-05,0.0002168553702907969
img_01168.jpg,0.16385138851329187,0.029721627751177728,0.05041483617178908,0.00255366150774614,0.001248149302470729,0.7364748224142338,0.006154653984971338,0.009580860354319558
img_01171.jpg,0.9981727451728866,0.0002920768944620964,6.01906625726341e-05,0.00020861598813106476,1.2396376583069542e-05,0.0011336474680399315,4.815475367268022e-05,7.217268365201763e-05
img_01177.jpg,0.9511384833773683,0.027195943299917074,0.005782472456853764,0.0015477679469734652,0.0017741255591996153,0.006711427025210704,0.0017683419950124731,0.004081438339464808
img_01179.jpg,0.039396492690246004,0.934603429484034,0.006443157087698155,0.002013766080337804,0.0008628513593843266,0.014454191478879599,0.0007287557598426959,0.001497356059577534
img_01188.jpg,0.008866505772826381,0.05644202498616286,0.3109102599627963,0.011101315879168586,0.0147623197031556,0.42698152636139175,0.09151149015707699,0.0794245571774215
img_01198.jpg,0.41696726368296166,0.3941283705806484,0.0632266463290496,0.02860832811762643,0.01970864548469308,0.025692755403051742,0.011126425969681044,0.040541564432288055
img_01204.jpg,0.9985816039090767,0.00021160625079893572,0.00010828547469281993,0.00011331056392907513,2.277227162447221e-05,0.0004679160506745163,0.00042671242637679194,6.779305282674177e-05
img_01208.jpg,0.9914347845181161,0.004731637115689279,0.00031812887907869925,0.0014649999679980212,6.529151637156349e-05,0.0009885922634319663,0.0005903650831552456,0.00040620065615942845
img_01211.jpg,0.04852850272917162,0.6134941701088431,0.303034939696056,0.007666693477823519,0.014006837329968781,0.0029124917828249413,0.0009297979148928073,0.00942656696041912
img_01213.jpg,0.020336262820476583,0.47977218650382386,0.43286898675836855,0.002376058652693438,0.0018811275003393314,0.00595371128391304,0.004455555590954416,0.05235611088943079
img_01222.jpg,0.007197380706742113,0.4004104723989876,0.19368692566667767,0.014362751394949214,0.17175877129687495,0.009970891609068097,0.01255703060777743,0.190055776318923
img_01224.jpg,0.030499616967250693,0.008612300373795578,0.01596494686384313,0.15342039859136403,0.0028038729284527333,0.0027681760970780537,0.003429306062197909,0.7825013821160178
img_01237.jpg,0.9935238981555743,0.005363022329929515,7.629123641316128e-05,9.972109759319262e-05,6.830452203355784e-06,0.00041213639703048896,3.410692233466636e-05,0.0004839934089211625
img_01249.jpg,0.9477428790055475,0.020370003038100493,0.012934776499210465,0.006864058537047267,0.001725568240206786,0.006868576244437796,0.0012422891052839829,0.002251849330166071
img_01253.jpg,0.008645215209368364,0.00038290849326442155,0.0017795064227854782,0.00240033985061865,0.0013570370925054486,0.0006119250757595596,0.0008567059083059783,0.9839663619473921
img_01286.jpg,0.10956795899044851,0.008886878235610185,0.018578807251225453,0.001693874881261798,0.0032130977302531416,0.0022968224496962724,0.0026116215564672457,0.8531509389050375
img_01289.jpg,0.00778555156554235,0.0037714482267177164,0.01649314367581475,0.0030818091048563714,0.0020271957266461637,0.007032008505777114,0.0031243374117492836,0.9566845057828963
img_01325.jpg,0.9949623423305585,0.00309155513295189,0.0002735216323865556,0.00032807597580806027,8.73333862703701e-05,0.0005446184685847742,0.0005646454411425928,0.00014790763229746942
img_01328.jpg,0.014098747940170605,0.5928762682850337,0.3505434292200384,0.0050583431614926256,0.003503378871033636,0.009735082525987822,0.005820763497414458,0.01836398649882871
img_01366.jpg,0.2858459643215167,0.18890204347942383,0.014066576003136322,0.008256213322461209,0.0010574178169633383,0.46963602122160475,0.0035147187958090736,0.0287210450390848
img_01371.jpg,0.03750347599544902,0.6552990121608183,0.13751432327887106,0.0070562234462626,0.006325994028987097,0.05161865350127259,0.0036568219291889395,0.1010254956591505
img_01373.jpg,0.967251385928642,0.0033495431076381666,0.00011152082604712201,0.0003915723430803827,1.5746968337063472e-05,0.02870101136813977,6.265935178621986e-05,0.00011656010632903257
img_01377.jpg,0.4800267125666982,0.29068747834170305,0.005870425693920168,0.0030073123646669306,0.0002972168542413812,0.2129498226244099,0.002016832936574441,0.005144198617785907
img_01379.jpg,0.019066837838680496,0.6709939463087595,0.034794166223963,0.07167158277984333,0.029976956906183457,0.115546274664399,0.010240278077301013,0.04770995720087023
img_01384.jpg,0.025011880325929232,0.26597102066440603,0.014102539670485895,0.04970969565134178,0.00371287895801848,0.4666873300522792,0.006616105150552969,0.16818854952698636
img_01388.jpg,0.01781211600736468,0.8155451866992233,0.08371884500263083,0.003735608401090801,0.004045639496504334,0.04169616700638282,0.023430899550815728,0.010015537835987654
img_01392.jpg,0.015932267247149245,0.009693085574036515,0.008448777823929986,0.9366798643582323,0.0015721589006269948,0.004872444463612712,0.0018333818617307684,0.020968019770681513
img_01399.jpg,0.005473781327584729,0.011988290475456043,0.8548717762154235,0.09427996037266954,0.0002047360652117709,0.02052616914938406,0.002407970350922527,0.010247316043347854
img_01404.jpg,0.0036762888622354118,0.7559765568540269,0.0094608299620747,0.0031551562270811153,0.02247163505937328,0.09043380406934383,0.0018309223628740422,0.1129948066029905
img_01405.jpg,0.026932964596613842,0.7376228544417196,0.05176175776605524,0.04483688025514868,0.01140930697990411,0.11713685432647011,0.0035804821603067634,0.0067188994737818405
img_01413.jpg,0.029114034782084814,0.9248318924597644,0.021342628258962416,0.0019427677110840748,0.001109124112400076,0.016320257724502536,0.002109536173912065,0.003229758777289836
img_01426.jpg,0.02305097718054159,0.16654744846405894,0.1020669281568419,0.00630533134728319,0.0014856949267490404,0.020616139648038295,0.5832443903360851,0.09668308994040206
img_01431.jpg,0.03356361106281261,0.0019087167143572543,0.0014123558084255259,0.0009635354143811577,0.9582102309717728,0.00048178076147254725,0.00040353129011496937,0.003056237976663447
img_01441.jpg,0.01900555807241253,0.0014873262487943943,0.0018585350447130216,0.0011356337506827235,0.0006178013954039422,0.0003308251517346779,0.003025292539248093,0.9725390277970106
img_01444.jpg,0.014206024791953204,0.3210511098166355,0.02337803467184429,0.00854382184041908,0.006868775384690857,0.010642133456708346,0.08328233488887322,0.5320277651488755
img_01490.jpg,0.009720539855327231,0.03228391570111945,0.02482937570957341,0.01528661062332282,0.002896754297106417,0.005126076661308103,0.0020668236169626435,0.90778990353528
img_01495.jpg,0.036958204814356625,0.5359434435154703,0.054131578573592604,0.00930579382278345,0.007317460595517464,0.0843033359109463,0.010360360985876107,0.2616798217814573
img_01505.jpg,0.9984663301937848,0.0008620127019231411,8.515794143440383e-05,0.00018297615068895315,4.977890471874135e-05,0.00016903249259366408,9.304724939822257e-05,9.16643654580941e-05
img_01511.jpg,0.02857353489974339,0.40239592449039996,0.15683334536823684,0.22798533712152524,0.004097304367099367,0.14887705633081358,0.007382760452964609,0.023854736969217038
img_01519.jpg,0.0156842870027533,0.32835450028856517,0.07677392825786472,0.015227092115566141,0.009025916372050033,0.022044635768338542,0.2611904447368602,0.271699195458002
img_01530.jpg,0.11663239289747582,0.8000768799602561,0.03890149350342276,0.004120310776441586,0.007513257265999772,0.008923756226164519,0.0030370905851596695,0.02079481878507981
img_01537.jpg,0.1870921379591732,0.4354283157529182,0.040979072838134525,0.032969231343240125,0.004376224967392744,0.22436353924889532,0.04073156579761423,0.03405991209263172
img_01538.jpg,0.003665017512503566,0.5946101967682162,0.1307624735245645,0.041071775789483775,0.0216683205917056,0.1254713101077099,0.01654903104406986,0.06620187466174669
img_01541.jpg,0.9995207930397112,1.6630813889683193e-05,1.8405613867634184e-06,0.00031532860531076595,5.776632855992208e-07,0.00013916288756660923,2.4662372561282406e-06,3.200191593501783e-06
img_01543.jpg,0.030688804029565264,0.9083276840350214,0.024140884132334388,0.003020103370388319,0.0036064420477445822,0.004874267692509511,0.002748631176046266,0.022593183516390582
img_01548.jpg,0.018219258738175315,0.8679475086693487,0.018746056389430863,0.0038705785866771443,0.0011951313351398745,0.062392786496721094,0.004469778337293499,0.023158901447213425
img_01552.jpg,0.04563087365702157,0.8199627273783234,0.016947485286007518,0.005772070629157156,0.001919852691517832,0.0558169018324241,0.004568070974357366,0.049382017551191135
img_01561.jpg,0.9966687914745354,0.001931374067542919,4.7619241988832495e-05,0.001161697326882606,3.829173498126112e-05,4.6677052885195335e-05,3.404014093232617e-05,7.150896025187333e-05
img_01562.jpg,0.01826926957671113,0.8524724908789465,0.046573314045970496,0.00374307408240385,0.007341260042868364,0.012069047635547189,0.0055989569891032745,0.053932586748449314
img_01571.jpg,0.0108031323583806,0.869696306744089,0.10026372543419473,0.00244590306158792,0.002074461185237954,0.0015016697297749705,0.0048660637590823,0.008348737727652432
img_01593.jpg,0.015505066225674253,0.2724530064233333,0.54236698737802,0.010231707987449134,0.03411963068581111,0.010418245678426037,0.0059458481773752275,0.10895950744391104
img_01595.jpg,0.5503863515697742,0.09473345491206087,0.023294061131945258,0.1462807127733296,0.011098441103944886,0.004591511070237547,0.001977458204751684,0.16763800923395594
img_01616.jpg,0.009944450349703609,0.4088520285924029,0.4079380139867684,0.006540379071997889,0.008032389652690219,0.020942161761429892,0.0063892046292822425,0.13136137195572498
img_01618.jpg,0.019096384831886797,0.7099081122177648,0.027928409254383724,0.008558432895386506,0.10486661938201913,0.09933577047838935,0.00989642822750401,0.020409842712665632
img_01627.jpg,0.11692065472002572,0.8334188617048328,0.010478887631336566,0.0030582694395025053,0.003023610775910263,0.010527977981028476,0.0012664746208866991,0.021305263126477143
img_01632.jpg,0.881835609931767,0.09643394908026706,0.0013886757432180232,0.0009683390919138087,0.00036576689917123986,0.0025109592242635393,0.000113604829280198,0.01638309520011927
img_01633.jpg,0.020321745104081794,0.41143012765690035,0.019015371622378215,0.017516922392861033,0.010639774569786297,0.39620784275974896,0.009937709312288366,0.11493050658195508
img_01640.jpg,0.021592474095368203,0.8782521988001516,0.038749965698402486,0.005887776487298189,0.022270345910627258,0.005140018967183459,0.0035467763918840553,0.0245604436490848
img_01646.jpg,0.005786074187359018,0.92848317104541,0.02759859153093631,0.0033073901906499692,0.004093865033216938,0.012662570112322942,0.0006229132330270626,0.01744542466707776
img_01647.jpg,0.9978496554729473,0.0001264196042285542,3.6502430405342786e-05,0.00011624510937271741,6.6024043271537515e-06,0.0016711357990017582,0.0001535730428400952,3.986613687705399e-05
img_01649.jpg,0.16747651373960087,0.6984288653289569,0.033363731174143235,0.013180853848323631,0.007414467341452448,0.02970676998071026,0.0176326494867981,0.03279614910001468
img_01657.jpg,0.02024013850277472,0.004224895122565457,0.0201921216118339,0.7692777909526232,0.0011529165411433217,0.0016320441062639564,0.0028473866020900847,0.18043270656070542
img_01669.jpg,0.03437220143026441,0.0021602762565903445,0.000991530237431802,0.0007470904898999374,0.9576507503752097,0.0011420863556865857,0.0001727100879714824,0.0027633547669457057
img_01673.jpg,0.0329099392440939,0.7008871403185624,0.024792708170535856,0.035728751638620194,0.010428215550606482,0.07553445344228098,0.0656882649485542,0.05403052668674593
img_01681.jpg,0.01655829825028816,0.3698624415289333,0.1898237822779132,0.04267292023055464,0.012506777789576783,0.004133288801576621,0.004804680334940893,0.3596378107862165
img_01684.jpg,0.011083841704458851,0.8985029025072142,0.02177675154009867,0.002579315716511475,0.011038405353628317,0.016080948199198832,0.004500942030581417,0.034436892948308116
img_01685.jpg,0.9915997997330991,0.0009177856538041953,2.7481101789678838e-05,0.00021285171450357906,1.909034335024758e-05,0.007043388109415908,2.6413288325335398e-05,0.00015319005571231642
img_01687.jpg,0.024739565359774552,0.8723752244961425,0.019535478587331033,0.009296715042868872,0.00739238416450933,0.007801559780645573,0.02597870628176808,0.0328803662869605
img_01688.jpg,0.00741514278921303,0.008819523030705777,0.023022710424811632,0.007799095109659546,0.003607615998602986,0.017965589078401515,0.010004900745831003,0.9213654228227746
img_01689.jpg,0.009168238409295268,0.014126157401440473,0.009450048567862536,0.004962533947414731,0.000980235460110382,0.01937883999990746,0.012322872159695488,0.9296110740542738
img_01716.jpg,0.9992671730974875,0.0002440084287603149,7.1760981132344935e-06,4.515224783713575e-05,6.820539459054446e-06,0.0004199324946581231,3.927550120889717e-06,5.809543563778142e-06
