image,NoF,ALB,BET,DOL,LAG,OTHER,SHARK,YFT
img_00005.jpg,0.9999969179180054,6.120974225098123e-07,1.895517731263569e-08,1.9912541182521864e-06,3.972380129070036e-09,1.1704928617546744e-08,1.2593726833632159e-08,4.3150424099254627e-07
img_00007.jpg,0.0001266632596646367,0.08960933710041682,2.8232329022018365e-07,2.2772221932330284e-06,4.891665503942502e-07,1.3795865143035407e-07,6.882575481681343e-09,0.9102608060866578
img_00009.jpg,7.974898381977072e-05,0.9991339196144204,0.0006939984728583328,9.433761227422287e-07,3.34356488418591e-07,6.109644315423495e-05,5.943837387323711e-09,2.9952809298613914e-05
img_00018.jpg,0.00013871019385346722,0.9990929970300922,0.0006548016492462185,1.501533100354705e-08,1.5369652569080792e-08,0.00011330592072631762,1.055016230291559e-09,1.5376608206975772e-07
img_00027.jpg,0.00020368932845012033,0.9963802365408885,5.815653674363351e-05,2.779510186224614e-09,4.260487080171621e-09,0.003263205841238545,5.694105658273252e-10,9.470414327136799e-05
img_00030.jpg,0.9999805688852905,1.934838630435175e-05,1.2292587568161049e-11,8.401832879784132e-12,6.510222606472954e-08,1.75931717853365e-08,1.1156225724315112e-12,1.1197098038457834e-11
img_00040.jpg,0.014318044407242351,0.0010845680344548916,2.026509085387528e-07,5.611648916665281e-07,1.7258022166702336e-09,3.9873690429171594e-05,0.9845530986142346,3.6497120366586507e-06
img_00046.jpg,0.9999967814517504,2.546248896875388e-06,3.170718557217483e-07,7.8883512752032e-08,4.42532861361814e-09,2.6007762175723884e-08,2.274323964579346e-07,1.8478496935201127e-08
img_00053.jpg,0.0033919217039301793,0.9965369936014032,1.663665617944252e-05,5.946601684268328e-08,5.2484549471730486e-09,3.260299824316072e-06,2.14902913690652e-09,5.112087516181074e-05
img_00071.jpg,0.017316218374672926,5.80820636170936e-10,1.5936430660979824e-14,1.1564906779145273e-13,0.9826837810152687,6.32572186291035e-13,1.4991382947548474e-17,2.8473706969622494e-11
img_00075.jpg,0.0003765103043640309,0.8387088458970224,7.115076030381378e-07,4.680274264393088e-10,1.2319609963760265e-07,0.16091372379418628,1.2477582592534082e-14,8.483268462628111e-08
img_00102.jpg,0.002490109048331563,0.9098108655419914,1.696455131354605e-07,9.973839300624065e-10,4.135678617693751e-07,4.5354579362540124e-07,0.0001653191218616962,0.08753266853126272
img_00103.jpg,6.625503241422873e-05,0.9978235106375382,0.00017382908873652498,7.176443017762093e-05,6.604946767707725e-07,0.0017901269200004365,8.267095866503801e-07,7.302668686966335e-05
img_00109.jpg,0.00042794650078705095,0.9995366013018943,1.4475415667172997e-05,2.3229145112646636e-08,8.607836494055866e-09,8.06138608830298e-06,1.3645113932291256e-08,1.2869913467627626e-05
img_00119.jpg,0.9999995230419639,1.6164209171858024e-07,9.216767819429414e-08,1.0339787488358115e-07,5.7404053744336366e-08,2.0923977373786364e-08,2.417198449880575e-08,1.7250375844489995e-08
img_00120.jpg,0.0008231955525587036,0.9991726353672554,2.7964467560189985e-10,1.532347474923032e-13,1.6617848882455464e-12,1.4022394929198168e-10,1.700457483208513e-11,4.168641497584889e-06
img_00125.jpg,0.0001256802075237505,0.9987390672596955,9.736576390463618e-07,1.1123682590108374e-09,1.4263291290876802e-10,2.6081056115323424e-05,5.141856164491962e-11,0.0011081965126066432
img_00128.jpg,0.0009403591757617282,9.363297225522885e-05,0.06076665701762201,0.9379180116339365,4.305555507219824e-10,1.3035315910880964e-08,2.5425550541396444e-09,0.0002813231919979902
img_00129.jpg,0.06487153125832822,7.88781342101713e-05,1.7775156494333397e-08,8.922090559503837e-08,7.090934981070561e-11,5.03445295692141e-06,0.9350428896222944,1.5594652387927114e-06
img_00133.jpg,0.9999240637165652,7.266317459322848e-05,2.9396593342945046e-07,9.207138709536673e-10,4.101158521261473e-09,4.042106437764461e-09,7.191245772228628e-11,2.9700070169438268e-06
img_00138.jpg,0.0021672827465307348,0.993128107916391,0.004335732685275329,2.4699511711966215e-05,3.241414295355644e-07,5.516178001843066e-07,5.106863559649814e-05,0.0002922327452646355
img_00141.jpg,3.925851113551637e-05,3.5731740160414078e-06,2.2430522284359016e-07,8.889983042066366e-09,2.2120937670956608e-13,4.676558360148227e-13,6.243521376838614e-10,0.9999569344946015
img_00152.jpg,0.011013222488052903,0.05313841819339094,0.0009795565362666415,1.39152085786e-06,1.1388280884373066e-06,1.2083258747429215e-05,5.629049940952371e-05,0.9347978986751863
img_00161.jpg,0.00017046941115332907,1.7176854601305677e-06,6.9763803406993495e-09,1.0521340324960446e-08,6.675579966373742e-11,7.794625856856471e-10,3.2465219570040677e-09,0.9998277913129255
img_00164.jpg,0.9999961819654358,1.0133441382534237e-06,4.6011351019992886e-08,1.1053914440197902e-06,1.4277896553668908e-06,4.404518216919921e-09,4.991704336907833e-08,1.711764141011522e-07
img_00170.jpg,0.010553393240114678,0.06255363897571396,1.1196871888665701e-07,6.349703293972878e-06,0.9249852067022457,2.820067218683455e-06,2.1530676827442113e-08,0.0018984578120173274
img_00171.jpg,0.8751875669050113,0.12430375865742588,0.0004987877338525165,4.972744588907317e-06,1.952404252696505e-09,4.826073702073998e-06,4.245191345278991e-08,4.348110153974636e-08
img_00172.jpg,0.9999907016745946,8.580579864259407e-06,1.6488557381622066e-08,6.88030586851755e-07,9.261882808586527e-11,5.982236879924719e-09,4.150446144796425e-11,7.110036624378374e-09
img_00175.jpg,0.5572797333293432,0.42950353063843527,4.2902039850418494e-05,6.846119521372003e-06,8.289334816359258e-10,0.013166026852568947,1.9718655129470628e-07,7.630047959941912e-07
img_00180.jpg,0.0006037321899710645,0.00011012627698691541,8.456167279427092e-12,2.589091744022184e-10,2.3812089170897635e-11,5.6180245427740206e-11,2.22024350957223e-10,0.99928614096366
img_00196.jpg,0.999999642336737,3.086907967124399e-07,1.4234048823817187e-10,3.368159969738345e-08,1.0137592180925584e-09,4.871602032716101e-09,8.946799349531669e-09,3.1636556569452567e-10
img_00212.jpg,0.00038360021284182554,0.6205422818495524,1.4909610508895998e-05,3.08825723672336e-08,3.0494558097354964e-06,1.1612833776092972e-09,9.23611735300616e-11,0.3790561267350701
img_00223.jpg,0.001501801935577683,0.9982385100663534,0.0002590036039505585,1.1457585875695209e-07,6.148140354327356e-08,1.1872316346609705e-08,1.3573074663519911e-08,4.828914650314062e-07
img_00230.jpg,0.00152929195289587,0.9984164760137701,3.4193247874043966e-07,2.600401843527109e-11,2.7991912741379344e-13,4.665144180695373e-05,2.0492223567467894e-12,7.23863071520077e-06
img_00232.jpg,0.0021175674719408444,0.006208651124249649,0.03585912774776474,7.716978327644964e-06,7.0638180562e-06,0.0006301435380713582,0.9399823995082139,0.015187329813375615
img_00244.jpg,0.0002021153925354746,0.9997355839083184,2.1431416660856525e-05,6.881611668615739e-11,1.7312057516116669e-06,1.0293051816953304e-05,2.859232293169163e-11,2.8844927508181536e-05
img_00272.jpg,0.006603742730715081,0.9933876730431896,2.4983025500687956e-06,4.599360037348367e-06,2.6938561928226068e-08,1.197834720747731e-06,1.4678394576090004e-09,2.603223858583247e-07
img_00280.jpg,0.012659015455853746,0.9767508203245023,1.9112325812669644e-06,8.184828649851122e-09,1.4037266923306945e-10,3.021616099099889e-09,1.327613097571564e-10,0.010588241507483798
img_00282.jpg,0.05198109462419712,0.9208956988962603,0.02643130923728976,0.00048363150844639544,5.515388321024478e-09,0.0002029914704352814,1.1391437758362567e-06,4.129604206885456e-06
img_00285.jpg,0.0005512491129843828,0.9987016738962473,2.8409756660876457e-05,1.2642793696394521e-08,1.0808247797753599e-07,0.0001875639533891096,0.0002843847683892803,0.0002465977870573339
img_00289.jpg,0.05006315805316297,0.9499330847982465,1.8356182704456203e-07,9.917382399978857e-09,1.2137695559450906e-07,6.395819872758093e-09,8.963915401573671e-09,3.426932690358402e-06
img_00292.jpg,0.0009359036278946313,0.999004265143815,2.2888222965468415e-06,1.0491066011810514e-07,2.1099758216136156e-08,3.140557476617645e-05,9.737467267006085e-06,1.627335354225549e-05
img_00302.jpg,0.0029494401618182812,0.0002752932479087149,9.9457108433896e-09,8.026570438649005e-07,1.0662576708648181e-09,7.020807538035736e-06,0.9967667272558519,7.048578706402731e-07
img_00311.jpg,0.0001351906425964567,0.9998612122763311,4.5321661983118804e-08,4.770485983184248e-09,3.719008687583794e-09,2.3498322282599797e-11,3.947288633856611e-10,3.5428516888696725e-06
img_00320.jpg,0.00020815777171147618,0.9991218336268299,1.0009984638238986e-08,2.8831311230351434e-11,4.7483846029028145e-12,3.7979579100459075e-08,3.02118836503765e-12,0.0006699605752940234
img_00331.jpg,0.008095420194193135,0.9908700033869423,0.0003436320152766384,6.551522764031219e-09,2.0832005625930545e-09,2.566884712576855e-06,6.533129930878566e-09,0.0006883623510221431
img_00358.jpg,0.016317471596902135,0.49038920559645877,4.254882059609688e-05,2.9627218943859386e-07,9.966365589800047e-08,0.000840102232935152,0.0003077566131191426,0.4921025192041434
img_00374.jpg,0.0017169831297977566,0.9883941141045485,0.008852242813504045,8.785295564981336e-08,2.9406714424182553e-10,6.447661344969519e-07,1.2537361051951302e-09,0.0010359257852563964
img_00375.jpg,0.00918041348513998,0.001973516942372241,0.010169287252551533,0.9785861667885443,6.0441140297757485e-09,8.687769238066185e-05,1.2075249942737328e-06,2.5242699029893662e-06
img_00376.jpg,0.0008564643834112408,0.999143398214675,3.095852295203306e-08,5.471029232443515e-10,1.9700935224817364e-11,3.2532864003538666e-08,1.405930376178396e-08,5.9284419051268384e-08
img_00380.jpg,0.00018554498073702823,0.980392076246319,0.001417008750756863,5.671952529281231e-07,1.304227799417594e-07,0.0002599456622687409,1.0092720402228528e-07,0.0177446258146816
img_00383.jpg,0.00011014732061899758,0.9998776438446574,4.348933296493959e-07,8.82471899726168e-11,7.527870925962846e-10,7.466133573269223e-12,7.711719145896732e-12,1.1773085181858251e-05
img_00398.jpg,0.00021544676488036027,0.9997795441642432,1.2353293055852055e-10,1.9614443992119738e-13,8.773368534472219e-12,2.9371150233986973e-11,6.375531002624358e-15,5.008908996628191e-06
img_00407.jpg,0.0011329756324746352,0.9988670169793826,1.3337886620418794e-09,1.0109695699816308e-14,2.5371322434930373e-13,2.391042222900853e-09,1.994566327640953e-12,3.6610533004771055e-09
img_00417.jpg,0.00032253027669380287,0.18889015029067047,6.014553844580526e-05,2.4799600873520914e-09,1.400744066117515e-06,2.034026885772915e-09,2.548428785592129e-10,0.810725768381294
img_00432.jpg,0.03917479420182337,0.30094192932794483,0.0019180869036211203,0.002007078702173319,9.728467754036472e-08,0.6102147552890049,1.4917453663479724e-06,0.0457417665453883
img_00442.jpg,7.60001546332522e-05,0.00010105310575064524,8.837790290910178e-08,8.265169223844966e-09,1.0752414551617705e-09,2.666364480369086e-09,1.5298230404090254e-07,0.999822693372634
img_00446.jpg,0.0002472828412407191,0.9996835434976743,3.3161555443749285e-07,1.168208658196172e-12,1.61820390969143e-09,6.857271924176836e-05,4.7439320853690435e-14,2.677068693982886e-07
img_00469.jpg,6.638315999577488e-05,0.6827563246079034,8.333402121655862e-06,6.717752900546599e-08,6.783800291247824e-06,3.4348953466169235e-05,4.635881862150657e-07,0.3171272953105065
img_00473.jpg,0.00022782608158541983,0.9996980872393284,6.454479765154377e-05,1.8178110021806275e-07,6.044793388585747e-06,1.2633003124041833e-08,8.957614676987466e-08,3.2130977957433984e-06
img_00483.jpg,0.0009836958243918685,0.997752441951088,0.0012306434786241846,1.4247590594120144e-11,2.7955871609531815e-08,1.2066971577983148e-09,1.0700964846303253e-09,3.3188498983245634e-05
img_00484.jpg,0.00048337972316439,0.9769934099573507,0.00010335592663092355,4.835150089571416e-08,0.00013215693779409848,1.3075004247489248e-05,1.2331985726984442e-05,0.022262242113584487
img_00486.jpg,0.1275360889592003,0.8663440993745453,0.006093097285527671,6.071601729046138e-08,2.2933379059824682e-05,1.4565946341836366e-07,2.8038776660635428e-08,3.5465874096675073e-06
img_00487.jpg,0.9956719869571401,0.002408204979290748,0.0009776746513203394,6.345162691290254e-06,0.000824301429781795,1.6162937579090688e-06,8.925545057220129e-07,0.00010897797151229292
img_00493.jpg,0.9999983310198709,1.1842803028073741e-07,9.920416785646253e-09,1.48905211438823e-06,2.94322535816754e-11,2.2191085020821434e-08,1.2873760470942586e-08,1.6485289890013567e-08
img_00518.jpg,0.0002588081664343322,0.9963304413503039,1.0413218497505617e-06,2.2353682140071493e-06,3.7257843817194167e-07,7.6754260568618e-08,3.856641291088521e-09,0.0034070206038580102
img_00533.jpg,0.004334585146457737,0.6066162875852674,4.9309451489360624e-06,2.7558555816485947e-08,2.7672641701038064e-07,4.1037696208240936e-07,1.2035897044322047e-05,0.3890314457641467
img_00538.jpg,0.00026889968595444067,0.9996424967580374,3.2051886022871046e-06,1.2533252901464196e-08,8.403714055943912e-09,9.639405299098459e-06,2.5526730041670553e-10,7.573776987271401e-05
img_00543.jpg,0.000649186420373589,0.9992395174707475,1.7013932522290716e-06,1.2543210392141254e-07,2.025971645851127e-07,5.52564546320338e-10,2.157561285151445e-09,0.00010926397623213848
img_00550.jpg,0.0180891234413745,0.0028002167461633,1.8659032436843018e-06,0.00048031178403613607,1.9837890560401518e-09,0.9783645195350952,2.4323945386585773e-08,0.0002639362823525887
img_00551.jpg,0.0322813965320734,0.9676725439579836,9.77194692026108e-07,5.045309967361968e-09,3.758977579742188e-10,2.0467216536037868e-07,8.2528879788984e-08,4.4789692998057066e-05
img_00564.jpg,0.9999872460987292,1.5345332293404524e-06,3.8040239207851164e-06,1.4157249776670193e-06,5.237800793881625e-06,2.800353665641643e-08,4.200802980283995e-10,7.333947321612293e-07
img_00575.jpg,0.0017543831582759563,0.9627287562383924,0.0010759589935335702,2.8981517994964185e-05,2.0033798824923377e-06,7.496937755194592e-05,9.992826772756e-06,0.03432495450759602
img_00582.jpg,0.0005630853878222718,0.9877040892735595,6.585078373864705e-08,1.8298722987647608e-09,3.451640777481962e-07,0.011722811927381479,7.972766983775632e-11,9.60048677538984e-06
img_00584.jpg,0.0030818119487734984,0.9942078574489658,8.73110250721712e-08,0.0001514670593002515,9.56607166075788e-09,0.002487544452650338,7.872843692748712e-09,7.121434036976417e-05
img_00587.jpg,0.003910931718051759,0.08111330904025214,7.089141703262924e-05,7.089972497566547e-11,8.46789816336002e-11,3.8319099052976175e-07,9.191571490891995e-11,0.9149044843861784
img_00590.jpg,0.0036446054717351657,8.736721730652961e-06,2.6400759854394976e-05,6.7259384949218585e-12,8.374781798297507e-12,1.0646260051504494e-09,2.3851197140271342e-12,0.996320255964568
img_00591.jpg,0.04614774662474248,0.3469188412363342,1.0759934327675968e-05,0.00011827560211101022,0.0004351632805459691,0.10413912624711741,1.2960839597589613e-06,0.5022287909908615
img_00598.jpg,5.458290779187077e-05,0.9997015006721819,9.425025103297933e-05,6.86752834547771e-08,4.584036011850621e-08,5.638781055162672e-05,4.88691527252166e-09,9.315895588285956e-05
img_00599.jpg,0.07082330271019255,0.8918720582330911,1.360278941921796e-05,1.9436180392744896e-08,7.877830116416068e-09,2.3639082980514143e-07,1.318639371020171e-06,0.037289453923085525
img_00612.jpg,0.002319448134320936,0.9976726812150539,4.4570446272830933e-07,5.774298971327074e-11,1.0709639611469354e-10,2.2228305971095288e-07,2.624224851690027e-07,6.940075777984933e-06
img_00618.jpg,0.999742090802667,0.00025044794633582085,7.482196967012004e-08,8.783349178233044e-07,8.793359813962892e-08,3.6492691857148145e-10,1.4602013078473584e-10,6.419649564652052e-06
img_00620.jpg,0.0024773275218598107,0.2857214990909541,0.008367319212750125,0.680104272045478,2.9040046674734024e-05,0.0007285425210649586,0.0002325973940695858,0.022339402167148685
img_00642.jpg,0.0008822806219202781,1.1993092271004939e-05,4.6152524702564585e-09,1.3353192946341173e-09,0.9991038840494803,1.4013824737488293e-08,1.1298899720262163e-14,1.8222719207357446e-06
img_00646.jpg,0.00011231701575778875,0.0007533208188026025,1.7282922659503776e-06,3.194631796081431e-06,2.6782283399334363e-08,6.566877711134444e-08,1.7137450754786353e-05,0.9991122093395624
img_00648.jpg,0.00279179708851525,0.9972070058856346,2.347449916280847e-08,3.179007037673731e-09,1.332603520856031e-09,2.5682559542727145e-11,9.958371606098898e-11,1.1689144743235915e-06
img_00650.jpg,0.025734067972911317,0.6090405741015992,0.0009266672112709656,6.399121289629936e-05,1.1289896063770477e-05,0.1895065651926751,0.018861348689734977,0.15585549572284849
img_00654.jpg,0.0007107220398554165,0.9902565262722015,4.433107876897401e-05,0.000127674908330232,1.3359507701619312e-06,1.95687062896309e-06,5.55676259996091e-09,0.008857447322682033
img_00664.jpg,0.001179258500067507,0.9987763234502286,1.2842609259551303e-07,1.4025498294982984e-10,1.1191207131191583e-11,1.554212955125081e-08,2.294151467567839e-10,4.427370062043735e-05
img_00667.jpg,0.9999996422202453,9.892143600358051e-09,3.5922267388083223e-10,3.4324912290371935e-07,7.519314930326859e-10,8.835599937752631e-10,1.4141983403548017e-09,1.2295758795229104e-09
img_00676.jpg,0.999999522927863,1.4983577946574772e-07,4.2533789467513024e-08,1.626721986976423e-07,4.2313898453076995e-08,3.742687927239719e-08,2.0619648990615605e-08,2.166994262598126e-08
img_00697.jpg,5.843919563107482e-05,1.975398824063843e-06,3.629447413026874e-11,2.080555201009912e-10,6.708192862990819e-13,3.689194687913496e-13,2.49344577728526e-09,0.9999395826667093
img_00708.jpg,0.001256771515325083,0.5193095856348381,0.014653702214319438,5.5883686901860994e-05,4.9999646925447904e-05,0.00031363982444932744,0.007589216137278578,0.45677120133996235
img_00716.jpg,0.0006115429733286276,0.46570009156145376,0.20706419109554763,1.3141278920577723e-06,8.214650892509148e-05,0.018614301760058665,1.6826372692721825e-05,0.3079095856001014
img_00717.jpg,5.009498926822328e-05,0.9218269427684932,1.7572537927072265e-06,3.320300266142299e-06,1.4534970533823868e-07,0.07809056828922231,9.82753546184112e-09,2.716122171667794e-05
img_00718.jpg,0.00031581220115572365,0.9996682246647921,2.318230619574128e-09,1.2374136176254639e-09,2.9844916601652975e-08,1.4224721549806303e-05,1.6911946315540114e-10,1.7048428220227857e-06
img_00723.jpg,0.9998663663829039,0.00013296517703328755,6.477702062408799e-07,2.1860471587365996e-10,9.345493843740805e-11,1.1832787339049152e-10,3.078112794269713e-11,2.020868791675234e-08
img_00724.jpg,5.739949207072399e-05,0.0007030297767064753,8.708521522712062e-08,0.000857186991062391,4.059945075195475e-09,1.2703553801378557e-05,0.0007114603548357234,0.997658128686363
img_00726.jpg,9.131120473413273e-05,0.9997735932497186,7.176150780318457e-05,2.566971635027431e-07,2.437675335653246e-08,1.8829308213844975e-05,2.763735892355972e-07,4.394728202416572e-05
img_00729.jpg,0.0159547648731781,0.8616939237826029,0.0004017241251800309,6.963565789861631e-06,1.5006495166263304e-06,0.00011761827561023678,4.528940116718918e-05,0.12177821532695494
img_00730.jpg,0.03115806403739364,0.6335479141054352,5.291263401449561e-07,7.977172216518031e-08,4.6345586797969593e-08,8.123247779788086e-06,8.881539965392534e-07,0.3352843552117457
img_00757.jpg,0.0005206839203400943,0.9974278830238492,6.851123491497518e-05,4.447839489425466e-06,2.5750002101048797e-08,0.0019767375806927653,3.467681375287705e-07,1.3638825740048299e-06
img_00760.jpg,0.0038642000661031836,5.18166145527561e-09,1.2224237281698e-13,6.846762511621727e-13,0.9961357946866559,4.4079728459145263e-13,3.0451168957192893e-18,6.433195751931722e-11
img_00763.jpg,0.9999985695421642,6.360209998874736e-07,3.327670239203484e-07,3.845738632354513e-09,4.349335258061532e-11,3.429077244829876e-07,6.6181081538863326e-09,1.0825474741226397e-07
img_00764.jpg,0.0002037490919804407,8.566404652717883e-06,1.3403746147347194e-07,6.222062880043457e-11,1.0371761484775796e-12,1.9520048488982006e-11,3.618389826045969e-11,0.9997875503469437
img_00765.jpg,0.0007178363185841389,0.36565597738094907,0.014863490102962682,9.801530993904593e-08,0.0021949178123280002,0.000925440679835197,0.000258032755500845,0.6153842069345302
img_00772.jpg,0.001787283637831702,0.22213387604524068,0.5897440846655939,0.17479595496119338,3.979989091445436e-06,0.0018662323192575353,3.968149341937104e-06,0.00966462023244941
img_00773.jpg,0.0024628292326045464,0.9762412268702441,0.00016521860650138933,0.02041270783785458,1.4063783190146465e-06,0.0005695056467007914,9.379393404655455e-06,0.00013772603437100118
img_00777.jpg,0.0001263006438370062,0.9994272445831119,0.0003461399692287467,4.801856370391851e-07,9.544901716326891e-08,9.459047655946741e-05,5.0945581596174005e-06,5.4134449145630984e-08
img_00780.jpg,0.00029079744988385887,0.2751538730909024,1.2878268571474926e-08,4.552004235166753e-08,1.4648001959221437e-09,2.5527976778744856e-06,0.0030380551821727977,0.721514661616252
img_00798.jpg,0.00047111895720567423,0.9979667224895294,1.237335543588332e-05,6.320999540548939e-08,0.0015234045685457928,4.527261223396511e-06,5.326902862655214e-10,2.1789625374085166e-05
img_00808.jpg,0.00010272121286394051,0.998657063313234,0.00016973816438581015,8.010917455556216e-06,6.921737455467166e-05,9.334370343308807e-06,1.8642424980067103e-08,0.0009838960047378587
img_00816.jpg,0.00043337971696306136,0.999545902484583,4.395109360784727e-09,2.6433100092490538e-12,2.566365908142475e-12,5.606399505889694e-12,2.157508875629202e-09,2.071123501966898e-05
img_00828.jpg,0.9999995231628629,6.575290841787112e-12,1.3758843635985294e-19,4.7682890456300465e-07,3.4261572200980614e-18,1.2300384483012738e-16,2.2142908125454574e-16,1.6569256506180219e-12
img_00833.jpg,0.0048252955887150084,0.3516526766817089,0.0007724827787837601,2.1196178854604363e-05,0.00016927283502654144,0.0010561448802428413,0.001215185167074154,0.6402877458895941
img_00837.jpg,5.951681189979319e-05,0.9978534771592018,0.0020453223239831147,1.0299886587155583e-07,1.18712005831232e-08,1.6475017055604817e-05,4.141917478728789e-07,2.4679626045369217e-05
img_00855.jpg,0.00021902394383297382,0.9996050101516328,5.255316406628548e-06,1.3868552852202274e-07,4.097271383034483e-05,7.170433150291627e-05,2.430480841185238e-09,5.789242678493391e-05
img_00857.jpg,0.00030261047830540936,0.9996969088291741,1.5954613345070293e-08,2.2042459143448646e-13,6.86447657403034e-14,1.1875205931415433e-11,4.020019128403648e-12,4.6472172296017267e-07
img_00858.jpg,0.0008328478939850471,0.9991204804720828,7.224252995693477e-06,1.7382583844617735e-09,5.912839712955602e-10,4.516141673410347e-06,3.134639932572992e-08,3.48975633212848e-05
img_00865.jpg,0.00015819661018298385,0.9997202045533815,0.00012054131565657732,1.8967867808655967e-09,3.4350454056703706e-08,1.015918544978499e-06,2.0095877325949474e-12,5.352983566871937e-09
img_00876.jpg,0.9999995218710023,2.0433494895891523e-07,7.683518933971769e-08,6.402315663965048e-08,1.5857212430237907e-08,9.461900354148924e-08,1.1623478697847623e-08,1.0836008268481007e-08
img_00889.jpg,0.9932820825922987,0.005047270513040983,0.00013532843598891933,1.7354728501430333e-05,2.3516599867666878e-07,1.679092830735746e-08,2.8847385724339014e-06,0.0015148270346706384
img_00894.jpg,0.12573777492902205,0.874143765287735,6.364308177258534e-08,4.694722737524829e-05,1.5301243592704102e-09,2.6030377509612714e-09,5.094022172184872e-09,7.143968560162676e-05
img_00902.jpg,0.007577554787208174,0.0003522204453654576,0.005274469732291641,7.460671393468219e-07,4.54418247527409e-06,8.648417035578274e-05,0.9864326870658288,0.0002712935493354942
img_00914.jpg,0.0003272986275126925,5.482652374731014e-06,3.34090392264619e-07,5.097115715412424e-10,3.587166418072287e-13,1.616986042351534e-09,1.0844144451255745e-11,0.9996668824918198
img_00921.jpg,0.0053999933917578315,0.9927122325135654,1.3014068784918217e-06,4.1224379606833446e-08,5.107438705800999e-10,6.707983745719116e-06,0.0010042151542447957,0.0008755078146843992
img_00927.jpg,0.0008407166589832001,0.00010182357271789392,3.5687763439963148e-06,2.347058645351017e-10,1.5233667109348103e-11,1.1833466771908592e-10,1.487118084337046e-12,0.9990538906221936
img_00943.jpg,0.00011604981643333095,0.9997283759518047,6.0420003084777416e-05,5.061034233485135e-13,2.6742131527300245e-11,4.736611367367765e-11,2.0350057014153298e-10,9.515395056209512e-05
img_00948.jpg,0.9999705552412411,6.696066536100262e-06,2.5204357521496746e-07,2.1847744914993763e-05,1.416832726161872e-08,2.4221739594791697e-08,7.90300527067577e-09,6.026106604376725e-07
img_00950.jpg,0.9999740921532303,1.876279633440631e-05,5.520641082733574e-08,2.7066021494749895e-06,1.3369644621278399e-11,1.3114267198955721e-09,9.47676501229637e-10,4.3809694021041925e-06
img_00959.jpg,0.0004471055282166022,0.99934274748264,7.421303067856175e-08,1.0704322361027264e-11,1.4035774235852931e-11,3.042399237983782e-06,8.425582126797994e-10,0.000207029509576546
img_00962.jpg,0.03235704397583227,0.3168817560151647,0.0004133961220783689,0.00016509696461273023,4.3402449948917977e-07,8.081936141693891e-05,0.0003654669892895647,0.649735986547106
img_00964.jpg,0.00021272501876774895,4.27498130455424e-13,9.613618214650067e-15,0.9997872749806933,3.1306958905843504e-15,1.5728389719416763e-14,1.3557773980984593e-16,8.260127996491612e-14
img_00966.jpg,0.7689455106349018,0.2309195478300751,3.578550730057124e-05,3.493953427510186e-07,1.3029878594558726e-09,7.288165856479145e-09,9.462038540957535e-09,9.878857918774501e-05
img_00974.jpg,0.0003073648975553975,0.9937791960939921,0.005164626808305444,1.157321142583763e-10,8.08567053032985e-09,6.529850509388593e-10,7.041028744518783e-11,0.0007488032753490387
img_00979.jpg,0.0005341503187343369,3.7639052578152116e-06,2.347382553307711e-09,1.4005182367631148e-07,2.31613029304727e-13,8.97400821274185e-10,2.6385520936168123e-10,0.999461942215314
img_00982.jpg,0.8729248587691556,0.10672676442485075,2.68837356511103e-07,9.091905598719354e-08,3.199016988309002e-09,6.151401539028495e-05,2.2227487892051578e-08,0.020286477607685833
img_00985.jpg,0.0012026004229389181,0.998777464426007,8.824061167081238e-07,3.5875455364052807e-07,1.175806178336138e-06,1.3946559648438074e-07,1.5083596958236032e-05,2.2951216507695136e-06
img_00999.jpg,0.00048564756944506404,0.9989330768192463,4.053500627628066e-05,4.921911443231551e-08,5.179994289844938e-07,0.00048425465659051583,2.7666247483411967e-08,5.589106365106077e-05
img_01022.jpg,0.0004011160629393488,0.99890668383221,9.794354418482262e-07,7.813812403861752e-09,4.589328577199932e-08,0.0006910492672522527,2.079344044016477e-08,9.690161800447609e-08
img_01031.jpg,0.00813885402270255,0.9650499150932709,3.6030711022808964e-07,1.6534777031168668e-07,1.3715943263001652e-11,1.239518315479683e-06,4.3956091826488784e-08,0.02680942174102285
img_01035.jpg,5.845569570104781e-05,0.9916854212988077,0.0035528692437892485,9.196432961535865e-08,5.199231020598412e-08,0.00464490262821209,4.584428070741166e-05,1.2362896142744697e-05
img_01043.jpg,0.7312824299776441,0.20776316301141912,4.365896283999227e-05,0.05309799256843004,8.183591578404042e-08,0.0020800735636430194,0.00546702588293993,0.0002655741971678819
img_01058.jpg,0.013925857271918295,0.986032314837589,7.114561880854237e-07,3.162191934088859e-06,1.88431211098614e-11,3.63789059199429e-10,8.49356724521369e-12,3.795385124482286e-05
img_01059.jpg,3.750724801750434e-05,0.00011409694852568642,5.716016243489859e-06,6.950044283144302e-11,1.2034274821586908e-11,2.5703068402660558e-08,3.893309147942852e-07,0.9998422646716955
img_01090.jpg,0.9999974137729257,2.476125388721624e-06,1.7553149076508258e-12,5.263470227360798e-09,2.37767721819802e-13,5.635688226701558e-13,1.8637712577971302e-12,1.0483379496585694e-07
img_01102.jpg,0.015269247739754233,0.0021561990771780293,0.9822989312374939,2.9353802921494807e-10,6.64867344251442e-08,6.112457834715541e-10,3.5977293927142794e-11,0.0002755545180784296
img_01103.jpg,0.0033767090316479554,0.06310918836555851,0.02734756727706255,0.00011755806510129232,0.0004956549647697362,9.412010316177831e-05,0.0003985617345415771,0.9050606404581566
img_01116.jpg,0.035056346417569786,0.7156868802957426,7.369448677397374e-05,1.310591392280404e-06,0.0006186157976127282,0.24855501073506275,1.7158858286325438e-07,7.970087263003765e-06
img_01134.jpg,0.0005422096966758278,0.9990472201363066,4.4578848524554676e-05,2.9291755752759595e-07,1.0072691842833057e-07,5.185009630619207e-07,4.684967473196109e-05,0.0003182294983219733
img_01142.jpg,0.9999994054603834,3.680322377189464e-09,1.757167086850022e-08,5.683595059572603e-07,1.8334406385422058e-09,1.0756323198783346e-10,4.2697144851347875e-12,2.982843833979942e-09
img_01168.jpg,0.04686981718338812,0.1941005364679343,0.00032477835640303107,3.0283542424597803e-05,2.164629529562897e-06,0.595853708214819,0.15367877294574653,0.009139938659754729
img_01171.jpg,0.9999985667677841,4.30077988051767e-07,5.9256279721681015e-08,8.624871378223858e-08,8.274543207576601e-11,8.440747105973231e-07,6.698632912172428e-10,1.2821914982019453e-08
img_01177.jpg,0.9990685581940006,0.0009305909346711021,1.3119643164789183e-07,1.1725904519387962e-08,1.6315329272501752e-09,6.175724746655311e-09,3.308411557281079e-11,7.001086504658257e-07
img_01179.jpg,0.0017732147286253685,0.9982263484950729,2.3411660751387716e-08,5.1731282573508e-10,9.337807835382559e-09,4.0333366623771155e-07,4.1076692468818447e-11,1.3477728619180754e-10
img_01188.jpg,0.00026445940732917943,0.05907307887400697,0.011451384427728573,4.277269921289994e-07,0.004246938212520223,0.0039220843042657395,0.00011124314827342544,0.9209303838988837
img_01198.jpg,0.5161693806654224,0.4547487070095263,0.023793316980482457,0.000682242433424843,8.79932977397877e-05,0.00018585683573599934,1.3308619799297445e-06,0.004331171915688298
img_01204.jpg,0.9999995230356383,2.255601180720399e-07,2.3540983035165542e-08,8.77587228771539e-08,2.178682583221463e-08,1.0240707251470736e-07,8.901986995955266e-09,7.00865238807953e-09
img_01208.jpg,0.9999702979344083,2.4324614609568066e-05,2.0071730483397427e-08,1.3630116560838995e-06,4.894283093595384e-11,7.726743785528677e-10,1.3448861712346128e-09,3.992201092217417e-06
img_01211.jpg,0.005000951480791917,0.9949346439610005,1.8939140074827374e-05,4.78852693283275e-10,1.068220930715491e-09,3.001989762339194e-10,1.1897260074306072e-10,4.546345188748562e-05
img_01213.jpg,0.0002260343558719185,0.9986927818300887,3.975290857410445e-09,8.387338949211172e-10,2.8178067767283066e-09,0.0010784585010138901,1.9334887831514954e-13,2.7176810006817255e-06
img_01222.jpg,0.0001962351699992649,0.9997932491689707,7.06786023034086e-06,1.8135117467357724e-12,2.608695480474736e-07,3.4383623232165436e-09,1.3243669787031889e-11,3.1834778322509625e-06
img_01224.jpg,0.0014600200687392183,0.0003950485512367407,1.3669429414483502e-05,1.0650717342891965e-07,5.67555724138298e-10,2.3223892513595642e-07,6.512615411225884e-08,0.9981308575108012
img_01237.jpg,0.9999704360996858,1.9156353566900683e-05,8.936923453324611e-08,2.8501654555088783e-08,3.719662441387355e-11,2.4208842832685456e-10,2.934209059219927e-11,1.0289367230980648e-05
img_01249.jpg,0.9992367028206294,0.00074183010847263,5.4546122298290865e-06,1.4636156414358037e-05,2.9154432087329488e-09,7.419817855956716e-07,1.724540741010566e-08,6.141596175955782e-07
img_01253.jpg,7.718843048809079e-05,9.50425994927312e-08,7.946780027976835e-10,1.219662504912601e-09,1.4037912322909035e-12,1.4119554252260034e-11,9.75450892503002e-12,0.999922714487294
img_01286.jpg,0.01621612175176524,0.0005790188295499415,5.133805143238805e-10,1.1963515061145943e-12,1.1686162828604457e-11,3.5243738206540944e-10,1.066755078420199e-13,0.9832048585398777
img_01289.jpg,6.619759272444448e-05,1.5792977783962668e-06,1.0205668093694268e-07,4.070960828782334e-13,9.930395837299739e-14,8.988656002531647e-12,1.7961253345386723e-10,0.9999321208637086
img_01325.jpg,0.9999894686560491,1.0495530693796525e-05,4.156231580817686e-09,1.0205555413568078e-11,8.215466976746518e-09,2.8650385465721144e-10,2.2992249010440957e-08,1.5259992535622698e-10
img_01328.jpg,0.0003366813806770793,0.9996444690087158,1.4967618646314181e-06,7.59880207127899e-09,1.0965805932835417e-07,3.1006795492446706e-06,9.508222772467203e-10,1.4133961509582662e-05
img_01366.jpg,0.2409876880790693,0.740852236942835,0.0005867621932632164,0.00014951843609519087,1.069187915048156e-08,0.017320504429050428,7.87086745251111e-05,2.4570553282464586e-05
img_01371.jpg,0.0030397420813719975,0.9969189813400994,1.0007547520529338e-06,2.3630967486211435e-10,1.9283299160689026e-08,2.9913483576747266e-06,2.632922284154223e-11,3.726492948075527e-05
img_01373.jpg,0.9991081356955779,0.0006439811863946521,1.837574564708083e-07,1.6902800180789867e-09,3.2379254248491775e-11,0.0002476924726245634,3.64769802097218e-11,5.128810348415144e-09
img_01377.jpg,0.6394268315587646,0.1756644326136903,0.0470416080257888,0.13460401647447767,4.782602728112753e-06,0.002691562927558649,0.00019771578215340048,0.00036905001483837386
img_01379.jpg,0.0007676601719075704,0.999189690671033,2.4746279288655316e-05,8.209167596143031e-07,3.906854744487232e-06,1.1818400067857382e-05,2.6029143834788612e-09,1.3541032843579624e-06
img_01384.jpg,0.0019538939096222082,0.005323395350218409,1.0308958516073147e-05,8.183953969095257e-06,1.3923995399680707e-10,0.9923749571193534,1.4910784801600364e-08,0.000329245658296041
img_01388.jpg,0.0004701305179109607,0.9994117285709112,7.329074127603238e-05,1.407389948737077e-11,1.0191905170263028e-09,4.2926152647159814e-05,3.3772512135512802e-09,1.919606739192434e-06
img_01392.jpg,0.0002890235849224073,8.552901500125034e-09,1.118695376983934e-09,0.9997106478519573,3.131103919200275e-13,2.9040380218181927e-10,4.597704870443244e-11,3.185548294650879e-07
img_01399.jpg,4.046767060592101e-05,0.0009706857128733194,0.8668269281416559,0.01913337634530294,6.715184537207035e-07,4.4793652550928165e-05,2.7219839576509316e-05,0.11295585711898071
img_01404.jpg,2.2788449029679548e-05,0.9993908917415585,3.9206500870414386e-08,2.715818213379498e-07,8.472587150036817e-08,0.0004999385288006279,2.1046224500689235e-11,8.5985745371225e-05
img_01405.jpg,0.0012874859587944766,0.7213576517510358,0.001243890846723885,1.1089332719055424e-05,5.962970216368795e-10,0.27609830482530234,7.114719475357141e-07,8.652171797497706e-07
img_01413.jpg,0.00098917457989769,0.9989979227382096,1.1961678628991836e-05,5.484908679659614e-11,4.882122805511905e-10,5.951474064617484e-07,1.9776995956685297e-09,3.4333509612193765e-07
img_01426.jpg,0.0013670718271631252,0.0028079170386911146,4.175683590399993e-06,1.0802712160699465e-06,1.7643134773521919e-07,0.0007298207384822872,0.07869052162015155,0.9163992363893577
img_01431.jpg,0.001225393376897766,3.887315969740257e-09,2.413349483973981e-12,7.011442466047736e-13,0.9987746026700208,1.1230398662503258e-12,4.783727341744617e-19,6.152783112420828e-11
img_01441.jpg,0.0003817453278375587,9.52020902964732e-09,5.04839438669338e-10,5.625301685062424e-13,1.9718896522839714e-16,3.6724567741011714e-15,1.6269150045765695e-09,0.9996182430196325
img_01444.jpg,0.0005121524381955005,0.7426436623830612,0.0015872165299891886,6.149407171008748e-09,7.240991948237319e-09,1.2517220943975383e-06,2.0998135392725573e-06,0.25525360372272143
img_01490.jpg,0.00011437834005634201,2.0367318601737657e-05,1.3708225624786068e-06,7.349803185115127e-07,1.8424963261200563e-10,2.9683725690852824e-10,1.673495741204578e-10,0.9998631478900244
img_01495.jpg,0.002046946182663608,0.9971206147556226,0.0007250115287444988,2.6852887415367936e-10,1.180789297963307e-09,2.6766152629733997e-05,5.397374900316135e-09,8.065453364650186e-05
img_01505.jpg,0.9999991653718422,7.741179408917605e-07,6.203759637605535e-11,2.6933443284860707e-08,3.3476770883973667e-09,1.4302257852406284e-11,6.283128586281896e-11,3.008992532783031e-08
img_01511.jpg,0.003114810996150646,0.5921856624341759,0.055484057301704956,0.34508993710517183,6.239646026926928e-06,0.002415797945008903,0.0009550027721173463,0.0007484917996435288
img_01519.jpg,0.0009579424804679416,0.962458344139232,0.0038267078682499935,4.8447988354393294e-05,0.00013553292850871504,1.515549789452587e-05,0.009728483079317545,0.022829386017974965
img_01530.jpg,0.020741699395441963,0.9770998681912916,0.0020028825005670298,6.526131536661711e-08,2.2438672609858973e-06,1.5884057194050308e-07,6.726708534186106e-08,0.00015301467646589777
img_01537.jpg,0.12476961582237313,0.713095139946717,0.07889997118539602,0.008746901838858968,4.889118019265203e-07,0.00926465485706981,0.0008026125601028125,0.06442061487768024
img_01538.jpg,3.415906336030825e-05,0.28369066601105586,3.7624773811997075e-05,6.023422916554734e-07,2.4867739742259874e-09,0.715974302850997,5.403744261825174e-09,0.00026263706796513187
img_01541.jpg,0.9999998807894901,1.4825513959809272e-11,7.316904210393887e-19,1.191947725121135e-07,1.459445736983956e-18,2.957248669692668e-16,1.522397480142752e-16,9.114141584360179e-13
img_01543.jpg,0.0011386151084647662,0.991867968441065,3.605311379428056e-07,1.167679791604087e-06,9.667621078109812e-10,1.4171412526230386e-09,3.517695300982732e-09,0.006991882337942216
img_01548.jpg,0.00043763927778980795,0.9995516706651364,3.878822894631682e-07,4.975500594667819e-08,1.9069150450909486e-11,8.154107365972425e-08,2.899456084435703e-08,1.0141865074625356e-05
img_01552.jpg,0.0030605834017009897,0.9958561979934147,1.7537054436279372e-08,5.84632337717742e-09,1.4036393081030016e-13,2.608019495010487e-06,2.206406545508208e-10,0.0010805869812305548
img_01561.jpg,0.9999948760744695,4.642443594781292e-06,8.59257133020612e-11,4.0603230106762994e-07,4.48030263888038e-12,3.4136167802566203e-10,2.9289574903515304e-10,7.472497130418663e-08
img_01562.jpg,0.0004557369705940945,0.9993266041860285,4.884464003537767e-07,6.645390341651343e-13,1.5143659819934935e-11,3.705236500269145e-08,9.692307603604711e-09,0.0002171236364963779
img_01571.jpg,0.00015223128081390285,0.9944411692181975,6.423724524788e-05,4.304760874899212e-11,9.645195950096592e-10,1.4958588432275616e-09,1.7741010002534256e-09,0.005342357978213839
img_01593.jpg,0.0006294732521276322,0.13257165606632335,0.1904799654715616,2.4360538884863685e-07,0.00019893714322528994,9.907747461288602e-06,8.020748861209623e-07,0.676109014639026
img_01595.jpg,0.8365997043571785,0.00033698446136289914,0.0009876085727417378,0.022587843162545616,1.3082445764219716e-07,2.0735721680919663e-07,1.980427586069124e-08,0.13948750146022104
img_01616.jpg,0.00028133126587086206,0.9995161547193325,5.399424804774684e-05,1.491662283912348e-08,1.1004325027683066e-08,5.2848251848306e-07,1.295018061164049e-07,0.0001478358614764074
img_01618.jpg,0.01710518110984939,0.6470458191088508,3.389782622608986e-08,1.056736403935906e-07,2.683070792227641e-05,7.295555264076247e-06,0.000316496711870554,0.33549823723477623
img_01627.jpg,0.0005760812921114982,0.9991295458535446,2.548647188792561e-06,2.90723525879917e-11,2.0920279433932208e-10,3.407310350786414e-06,8.444363020073745e-09,0.00028840821416624695
img_01632.jpg,0.9878339797465719,0.012158583787606727,4.194874749281817e-09,6.657681770948086e-08,1.0904932745147454e-10,1.0433143293405207e-10,6.514617851641145e-10,7.36482928641944e-06
img_01633.jpg,0.001211926244101392,0.996782457739846,8.285422258653898e-06,4.252689605427568e-09,3.965787909245691e-09,0.0015622424946982799,4.2103036736087256e-06,0.00043086957694435564
img_01640.jpg,0.0006020070967087137,0.9993397041339147,4.209939113232575e-07,1.889351217664367e-08,8.978787383698701e-09,1.409518725911221e-10,2.3194943429494813e-09,5.783744271951893e-05
img_01646.jpg,3.877676197764891e-05,0.9996549647121381,0.0001921492009217047,1.3613635044543906e-08,6.924454591251444e-10,9.660394253421583e-05,3.570064966874118e-10,1.7490719341369203e-05
img_01647.jpg,0.9999971399016019,4.511010582903555e-08,1.2220852705447593e-06,2.759076331884769e-07,5.3541966091018025e-11,1.2242492543019999e-06,4.125186904319804e-08,5.14407231503933e-08
img_01649.jpg,0.05399504599176761,0.8682065850718235,1.5718067295088607e-08,3.56723263511135e-09,2.9005654421061433e-09,6.742743262002407e-09,5.521566360398329e-11,0.0777983399525846
img_01657.jpg,0.0006552603603330584,4.507261976914681e-09,5.527338887894424e-11,0.9993432401443371,4.367246316629563e-13,2.2536805317333345e-10,4.889109172768092e-12,1.4947021005235537e-06
