image,NoF,ALB,BET,DOL,LAG,OTHER,SHARK,YFT
img_00005.jpg,0.990365052187416,0.0024321363355832197,0.0007378366134412555,0.0014608580375961792,0.0010826373324560395,0.0007059550208714921,0.0009670099617708287,0.002248514510865177
img_00007.jpg,0.020260019885425393,0.030676558440163097,0.022669289404130277,0.006897736093886168,0.004679078464357896,0.0020299894697009963,0.010005546779616008,0.9027817814627204
img_00009.jpg,0.016889233754322636,0.9378480330737781,0.027531563410429526,0.0011873720248397645,0.0011464914756897223,0.011072417125899086,0.0012395890044350243,0.003085300130605997
img_00018.jpg,0.016867778808075863,0.9045585516201728,0.030096174156883943,0.004944659897624445,0.003245986468350011,0.024942017171885298,0.003970997831622704,0.01137383404538497
img_00027.jpg,0.031680033270663606,0.6883449557992396,0.09435831247472079,0.022475077640864434,0.012721597574411115,0.10079769279304007,0.014469930044889459,0.035152400402170894
img_00030.jpg,0.9149260521886506,0.04169105142804191,0.004902185087143011,0.00595947036297891,0.007758913615285238,0.007223975924489515,0.005103176423575395,0.01243517496983548
img_00040.jpg,0.10418944647483495,0.016182774930166628,0.004688861319640733,0.03164635924487491,0.006895039687104405,0.09542188811495035,0.7218380974000056,0.01913753282842229
img_00046.jpg,0.9798378981468496,0.009651101554911452,0.0009464319118109245,0.0014872937963425644,0.0021959804332679494,0.002151067755873856,0.001704250218421163,0.002025976182522268
img_00053.jpg,0.06392064706373271,0.858002289124741,0.014431586937154402,0.0028313413127888324,0.006088479946086371,0.0445969781433332,0.0032927369281816775,0.006835940543981768
img_00071.jpg,0.1177606579933888,0.02681773661211938,0.053972511385514316,0.019529101123748692,0.682918676141689,0.04198315608991802,0.02052712366350221,0.036491036990119456
img_00075.jpg,0.025837316386037507,0.8638725602163441,0.04176105935447384,0.0033856779841081037,0.0048678918026739465,0.014466300292999728,0.00343423084146126,0.04237496312190166
img_00102.jpg,0.03663807949233193,0.46114975328237534,0.012296359025756851,0.009687758640244683,0.0035538225992182444,0.006941989362450209,0.008226808880038898,0.4615054287175839
img_00103.jpg,0.0146184077558127,0.9369125228675846,0.01948207542033035,0.0017171159659495597,0.003051078720087711,0.015118635076727921,0.0028483722774131294,0.00625179191609401
img_00109.jpg,0.032782650970199,0.9433627802528589,0.005534719239126225,0.001383830192118251,0.0019037304368563952,0.00819642536277136,0.0019687606645363287,0.004867102881533475
img_00119.jpg,0.9971178485389697,0.0009116284447646026,0.00019767065154367033,0.00028421607979159266,0.0005779290374428767,0.0002546416242358599,0.000279023088112258,0.00037704253513974134
img_00120.jpg,0.037618082137247676,0.9147456257192229,0.011044218123311803,0.0029056278398371664,0.0033679765040457534,0.00963319089793148,0.0033353082690666,0.017349970509336496
img_00125.jpg,0.024262135326205927,0.9204884854842436,0.02785659678143386,0.0016176951109975212,0.0029201355437695267,0.010331564222210194,0.002833744202300059,0.009689643328839419
img_00128.jpg,0.060065749379172834,0.021416087117241515,0.028775070415213138,0.02105121050316369,0.0024175489599108464,0.005616345474134797,0.016118603299710474,0.8445393848514526
img_00129.jpg,0.08942397929721102,0.06755013545422228,0.02938810510002913,0.09170213723559215,0.014018930857350677,0.08373886489874502,0.17384214531622205,0.4503357018406277
img_00133.jpg,0.9138138352467898,0.06408554755129825,0.0012286948846603446,0.0026450866382121477,0.0030911665308042124,0.00362486954536378,0.0015707912820997923,0.009940008320771528
img_00138.jpg,0.07159710529301308,0.7317722608967967,0.038855928656606115,0.013697193149387724,0.012577431503160952,0.02716038122399328,0.010854306013387684,0.09348539326365443
img_00141.jpg,0.016871383333021864,0.006923737850221658,0.03136880909413135,0.006598821254860089,0.002643244030186317,0.0011473978355619303,0.0044389215830005265,0.9300076850190164
img_00152.jpg,0.0467574716622122,0.5084273376766745,0.04892418820523145,0.014730697041961956,0.012809771696718552,0.017284747004529068,0.020912415282395035,0.3301533714302773
img_00161.jpg,0.018365774104424377,0.002366110489601139,0.002579551597746839,0.002679329523999794,0.0006732085992453975,0.00026460430215177093,0.003854746145812809,0.9692166752370179
img_00164.jpg,0.982300649229713,0.0060152434788605155,0.0007837918969065072,0.001760095825236177,0.0021941344917467565,0.0021639444452020524,0.0018661822340794458,0.002915958398255395
img_00170.jpg,0.09286836099567553,0.19051814658780045,0.35791563653627356,0.028146539016391133,0.12263163808495318,0.0427100797390307,0.02472159744550152,0.14048800159437377
img_00171.jpg,0.519182051021374,0.04417807579366442,0.01093909610278282,0.019150955225263663,0.009850229283715725,0.3722468495267391,0.009756258079001037,0.014696484967459317
img_00172.jpg,0.9277589528234131,0.05204083353178299,0.001266249469076143,0.002323765414041973,0.002421377643117934,0.004622401862189207,0.0033471190622213678,0.006219300194157209
img_00175.jpg,0.4323572891480202,0.04966027126595231,0.016599264702391526,0.04077916028161759,0.014697811804077414,0.3795491809297674,0.01572176654485002,0.050635255323323615
img_00180.jpg,0.08130639517000762,0.007009162863322216,0.004706052220108845,0.00955921147992186,0.0037656550272934385,0.0014333532351927284,0.0064062181460719575,0.8858139518580813
img_00196.jpg,0.9964550964848083,0.001108428857084536,0.0002383280677799983,0.00035338212051982634,0.0006873474142564577,0.00031817662851154737,0.0003574099373087636,0.0004818304897305299
img_00212.jpg,0.03142672500892631,0.04565393713267136,0.021116307241435258,0.01137729267898028,0.010819436299005732,0.0036158427433174143,0.01403071792533129,0.8619597409703322
img_00223.jpg,0.055507747947568103,0.780616692840004,0.024333900159459552,0.014299075235200595,0.013695009802912675,0.03410841357690898,0.020213369877600338,0.05722579056034574
img_00230.jpg,0.02768168720907744,0.9505604026126279,0.010838366095009327,0.0009184433850711212,0.0011416327438416648,0.005150077277292653,0.0008938395401282232,0.0028155511369515433
img_00232.jpg,0.058621342269528254,0.012326329314461348,0.01335379924393533,0.010591576702949537,0.003097897732598792,0.04109436983896583,0.8399372314413682,0.020977453456192615
img_00244.jpg,0.05710016229261136,0.8847705827761132,0.03662933376581852,0.0010356328830729144,0.0031015861110632683,0.010311330797836533,0.0017918482568344656,0.005259523116649706
img_00272.jpg,0.10683144295919854,0.7884382815784295,0.02238052035156242,0.008396271681888256,0.012973228491563868,0.02868349004773024,0.01314815926591732,0.019148605623709906
img_00280.jpg,0.07877908551310792,0.8310119008684319,0.012492793951792916,0.0076297761524216755,0.006540149513106734,0.012929468151423729,0.007776681079529774,0.04284014477018521
img_00282.jpg,0.15862186490639635,0.05997998230780058,0.0221805041125907,0.02148007724151981,0.0104924989969623,0.6964383974368737,0.012944773796819787,0.01786190120103667
img_00285.jpg,0.043157036534461866,0.7793907182848248,0.03009084414797127,0.007123534831354861,0.006725973278592233,0.014764615442900898,0.009388765233738267,0.10935851224615578
img_00289.jpg,0.15831291385221066,0.7766699876623895,0.019040985576779423,0.004009393561636023,0.004271340525382927,0.008196571456464213,0.005098874286297954,0.02439993307883928
img_00292.jpg,0.04996517437865156,0.9101121076818605,0.010140622602166633,0.0023300833232043866,0.002071529744660096,0.01604187329362144,0.0026033203394350453,0.006735288636400191
img_00302.jpg,0.10205040404318926,0.0220973898845693,0.007062114960657886,0.0424819280982948,0.009972298912283803,0.12450733239552275,0.6671639274182812,0.024664604287201054
img_00311.jpg,0.025377686122268824,0.8357828221028243,0.014042332207154623,0.003039037414746565,0.003344149632327371,0.005696228286788383,0.0033731532751000407,0.10934459095879001
img_00320.jpg,0.020778143245874375,0.9041782700345178,0.018382660019195717,0.0036752357972569126,0.004256192106563602,0.03403754105429297,0.005239573821078506,0.009452383921220185
img_00331.jpg,0.05202711992240975,0.5574197664500786,0.03122936021322551,0.015764627529578575,0.013784239974957552,0.10909394168087544,0.1649655297189959,0.05571541450987856
img_00358.jpg,0.17444843915898398,0.3588837360996138,0.03628738452227283,0.018479516327383354,0.005418643629601615,0.012441244551215693,0.015132742732787299,0.3789082929781414
img_00374.jpg,0.06791493153674667,0.81288046340415,0.02699409509397876,0.005209096734184991,0.007806904200534795,0.011651688657649538,0.00851722709352737,0.05902559327922784
img_00375.jpg,0.07723937629971261,0.005249452440438202,0.03750655855841836,0.7729172957492858,0.005687173163119775,0.06817426366180843,0.010490292780515886,0.022735587346701048
img_00376.jpg,0.0425272326776564,0.9054182234427389,0.010619430179117775,0.00277343983680946,0.004139617538592856,0.013948863323097504,0.008047021143973637,0.01252617185801361
img_00380.jpg,0.03765076320776936,0.8910977186087258,0.023842875614919785,0.0034683793756054705,0.005071127485221044,0.01073517761600552,0.004137749247373028,0.023996208844380196
img_00383.jpg,0.01259745009139158,0.9780371011487636,0.003376071838279731,0.000296434467744596,0.0005566007635988962,0.002708120448534558,0.0005081628033885373,0.0019200584382984887
img_00398.jpg,0.04521277251845293,0.9216661759903091,0.014192519082661368,0.0010314790036083648,0.0014942799499895322,0.004582281400999856,0.0012143243765614787,0.010606167677417358
img_00407.jpg,0.03696475983847129,0.9180763830671876,0.008507150032309754,0.0023841162313336557,0.0027685800236881696,0.010734090497433298,0.003624976195525992,0.01693994411405019
img_00417.jpg,0.039608552002984625,0.017039820934441233,0.021936131407495903,0.009381611194365732,0.006957922455512135,0.0021569207504420125,0.009848618247440145,0.8930704230073181
img_00432.jpg,0.14557325709246074,0.7487363500775872,0.007879101977720957,0.007853175990278335,0.004133511018168739,0.0606838154684583,0.004325025788886029,0.020815762586439846
img_00442.jpg,0.02165700507065244,0.009079029101368328,0.010806318987116918,0.004154502709618034,0.001898116020340321,0.0007914437772255122,0.0036816665665076317,0.9479319177671709
img_00446.jpg,0.03535064965074906,0.8708255678351458,0.035050629061593494,0.002659996935065315,0.007681190386903311,0.017606658185910694,0.00611038913276927,0.024714918811863166
img_00469.jpg,0.015190887830111825,0.9114441825067464,0.03212925099156365,0.002404831438381268,0.003629054614543325,0.023834918511979088,0.003442724097585267,0.007924150009089146
img_00473.jpg,0.022940370290376447,0.9325152984630728,0.009484241177786458,0.0017272415560769536,0.002879547332855335,0.008707961147544026,0.0035800746795043572,0.018165265352783518
img_00483.jpg,0.07040527317025824,0.6916886654251664,0.161673208614542,0.003309743974578177,0.003434130311502506,0.011193569829753893,0.008802849881394006,0.04949255879280467
img_00484.jpg,0.04912154457479716,0.033782612827750164,0.043170476716837915,0.007859306347593947,0.007114803601112351,0.0031175640551069027,0.008839468853283352,0.8469942230235181
img_00486.jpg,0.2150890069678439,0.3380025626293606,0.052223633699755544,0.030006042925246567,0.17545343199075814,0.047320889510671836,0.030537426680487704,0.11136700559587577
img_00487.jpg,0.36557992992507676,0.06506073960580722,0.049524970107965624,0.0644079685692199,0.2100128691525565,0.08471381151367295,0.05308618569773301,0.107613525427968
img_00493.jpg,0.9874050510490313,0.0032794531126956713,0.0007454546193889828,0.0018306720726337046,0.0018440196662385154,0.0015841054308921058,0.0014368540610746445,0.001874389988044876
img_00518.jpg,0.02996038206054807,0.9306074822661164,0.006315086808542413,0.0014262197348978445,0.001871094808052835,0.004301546097492915,0.0025017595088877367,0.023016428715461598
img_00533.jpg,0.040060637779334544,0.42567705098499414,0.06069462647926563,0.022486291339306897,0.006085632482909077,0.010032305615234357,0.015326821786772962,0.41963663353218245
img_00538.jpg,0.03105360752383108,0.9247060726708827,0.015921314758291883,0.002162034220793153,0.003052408891866926,0.00666589451568337,0.002194557113468037,0.014244110305182765
img_00543.jpg,0.03174711506497873,0.7886286165454798,0.014713690928335237,0.003436337378336483,0.003392384521428715,0.004765186915417857,0.0033816526822988426,0.1499350159637245
img_00550.jpg,0.11200824296368656,0.7935879710946385,0.00750504576350075,0.00704325845961777,0.004052293900535339,0.05315197008550831,0.005005134187363645,0.01764608354514908
img_00551.jpg,0.11857046056432125,0.46893000134187346,0.027575852380644212,0.015328716212310673,0.01644906367195751,0.017196091810911626,0.020043505601600654,0.31590630841638057
img_00564.jpg,0.9775144352768443,0.00733593198650349,0.0016748061606356808,0.002559005123807478,0.0030297046385496084,0.0020733714342102577,0.002090357606862638,0.003722387772586694
img_00575.jpg,0.05219542489286168,0.7054821360717537,0.028402717746547786,0.009328043158511132,0.007772661299897635,0.015081995082188774,0.009320591319747534,0.17241643042849178
img_00582.jpg,0.04396861747951722,0.8560184687796709,0.0248308177638355,0.0037211007330719007,0.00867884073945343,0.01616957154719079,0.004127029927080853,0.04248555303017946
img_00584.jpg,0.03450573615030738,0.9168368987036576,0.006857628495892717,0.0013624743096296522,0.0017723920613457787,0.0043168970942937404,0.001928404549721387,0.0324195686351518
img_00587.jpg,0.021050399321006313,0.029070786503430306,0.04241104355281133,0.017093321936411512,0.0045800432263676215,0.005355453191931393,0.01081063459748221,0.8696283176705594
img_00590.jpg,0.11058227724294477,0.11425521844493468,0.026470153898367075,0.005619449477332011,0.0034098916089735716,0.003183282583844164,0.004724333208139491,0.7317553935354641
img_00591.jpg,0.10513061824843753,0.34747909117485726,0.015779428177395492,0.013161671091535621,0.00977619235367473,0.1057553052114541,0.02349410076389835,0.379423592978747
img_00598.jpg,0.01139744537911019,0.9721466213635852,0.004644732377168512,0.0007750427800943133,0.0013214341395564103,0.005643153434417494,0.0009361340326729264,0.003135436493394897
img_00599.jpg,0.07838218918844135,0.1959463966842744,0.03150791021486773,0.01965275495106755,0.009209345597111143,0.012915230310857688,0.024231240478861077,0.6281549325745192
img_00612.jpg,0.08673549939426425,0.8509691266217015,0.011304822124339501,0.00453583171606871,0.004825311311619315,0.014832114444880062,0.005819226155845178,0.0209780682312813
img_00618.jpg,0.8955078881249039,0.0692513431274,0.0038451893438079202,0.004925011434898888,0.00533439461804432,0.006278566075312572,0.0037863981834845867,0.011071209092147712
img_00620.jpg,0.15276474066613732,0.25589897358616576,0.06947573913616323,0.026826680617503505,0.016454943977068915,0.018831259964006062,0.012462710438750163,0.447284951614205
img_00642.jpg,0.05517563157253402,0.02051897107865354,0.08308515864397349,0.015651615417424575,0.7013075701092049,0.029463171424550197,0.017152035381129308,0.07764584637253001
img_00646.jpg,0.03134256244674199,0.0057765536665517776,0.0060529795443847595,0.011325766887645174,0.002187631545867154,0.0019381794415318752,0.014070217919036865,0.9273061085482402
img_00648.jpg,0.03260078365230884,0.723158111370368,0.015105429118554196,0.0045487225935277745,0.004504614475461428,0.006529603719525356,0.004667024984226326,0.20888571008602794
img_00650.jpg,0.11864813096605638,0.1259771849068394,0.02063278231620542,0.04654919183268458,0.012583827848603363,0.0541834775937758,0.15491656463073625,0.4665088399050988
img_00654.jpg,0.05458853089832936,0.8805346459791068,0.010971385925716276,0.0030315610810698283,0.003936041758109472,0.007629284655639388,0.003143762562215978,0.03616478713981289
img_00664.jpg,0.0419769479038649,0.8808111398821581,0.023191861876704356,0.004027617871830912,0.003754582428379321,0.030570802550006285,0.004569962532776144,0.011097084954279877
img_00667.jpg,0.9962733894077462,0.0010647330095910636,0.0002721298274498113,0.00038625106227159955,0.000756559850304592,0.0003506117628208514,0.0003739715987783534,0.0005223534810376534
img_00676.jpg,0.9961775407078941,0.0008809161166624782,0.0002454568945566193,0.0006029541262801879,0.0006238385297682529,0.0003871258323789186,0.0004675952122960517,0.0006145725801635275
img_00697.jpg,0.025107980986087138,0.0035710199069685883,0.007078233357920155,0.003095405154837824,0.001360343293700256,0.00044877760955905056,0.002901415234827417,0.9564368244560993
img_00708.jpg,0.029544214603175873,0.8838790847913475,0.029118606809204625,0.004580101942134447,0.003990930942117906,0.0185404116409741,0.0049150724661864,0.0254315768048592
img_00716.jpg,0.03552128145181665,0.09327078585584334,0.02020591607437521,0.030996323081215395,0.004072787265696378,0.7827869776926966,0.02342388652488446,0.009722042053472007
img_00717.jpg,0.0191357129711587,0.8717835275856712,0.07033174994709407,0.002473939380708888,0.0035180163682190023,0.021043705596867735,0.0035628802146389408,0.00815046793564139
img_00718.jpg,0.04293096347376815,0.8971661887688114,0.014122812705375345,0.002770151234953522,0.0039136316338328255,0.008355118093175747,0.003221688916820548,0.02751944517326242
img_00723.jpg,0.8424497356637042,0.08092269347322084,0.005402267672361952,0.007968177684735761,0.026417320710471027,0.011272625701435626,0.008478425696633457,0.017088753397437012
img_00724.jpg,0.02177948112820387,0.006984111538970701,0.007759313590062993,0.011673703684377602,0.0025586730404368804,0.0020968565794293533,0.027695618785294907,0.9194522416532235
img_00726.jpg,0.020859263918876356,0.9288166949593811,0.024992171062074464,0.0013284600064358437,0.0014982822475276992,0.015174644701523857,0.002311686646488301,0.005018796457692215
img_00729.jpg,0.06702045815709788,0.4181630060427713,0.04036204348145252,0.03927230589617457,0.020991927509612245,0.15771611835823932,0.09480647670853695,0.16166766384611525
img_00730.jpg,0.1521930554626236,0.4624217592865781,0.007694918713662133,0.005697282624550628,0.00560532313028213,0.014938364519745818,0.006511722668316584,0.344937573594241
img_00757.jpg,0.046639670201172725,0.8985712124004903,0.011376701521182798,0.003674777505290725,0.005498791037826382,0.01361208493324195,0.005118898515422366,0.01550786388537278
img_00760.jpg,0.09915003710372997,0.021371851093716934,0.04305619173855408,0.01299127378359468,0.7473014785726637,0.03487068554705569,0.016233170552346955,0.025025311608337934
img_00763.jpg,0.990769817105636,0.0025420331479632913,0.0005239799521914784,0.0015116606728282748,0.0010325780153851518,0.0012465137446403013,0.0008567625054020412,0.0015166548559534105
img_00764.jpg,0.03272017223147206,0.006917743154316036,0.007556044632451327,0.005612027623175369,0.0021549558182607743,0.0008730430719731597,0.004300373960075062,0.9398656395082762
img_00765.jpg,0.08917771248085919,0.10660141305262638,0.07645935013106595,0.04350647732522071,0.021149481464365107,0.5139438376268305,0.09055595966860942,0.05860576825042261
img_00772.jpg,0.10048617690002687,0.6518488780918051,0.0447838831073942,0.023937742861777085,0.009629540449360763,0.03540437938820704,0.013687847633241277,0.12022155156818756
img_00773.jpg,0.05223918795387682,0.8704234240090534,0.009077513266991468,0.00488936551271327,0.006308432205824444,0.018988740650055833,0.008194263019554922,0.02987907338192974
img_00777.jpg,0.024684281840508537,0.03352920436286627,0.003857599822169428,0.007162507342462234,0.0017872769124467366,0.9190595083365993,0.00936704180774792,0.0005525795751995786
img_00780.jpg,0.03925470609263828,0.009855950804143521,0.01792882890672103,0.008617407170849982,0.0025309266815325944,0.0019291927372200222,0.012497521266270453,0.9073854663406241
img_00798.jpg,0.03896477230027746,0.9324940095273166,0.014009329769371567,0.0009352441113893175,0.0017787710335233338,0.004494408319371853,0.0012200314273866355,0.0061034335113630675
img_00808.jpg,0.020636697184444452,0.9606648706808869,0.0035452769821488423,0.0011829124960768375,0.0020904313630584295,0.0067471644436526935,0.0011690123841102168,0.003963634465621529
img_00816.jpg,0.028038522907745184,0.9133472020580574,0.009886313906787923,0.001962768133472155,0.0022614539447426297,0.006314888594661925,0.0037420152181774557,0.03444683523635519
img_00828.jpg,0.9926214371030585,0.0026984702040646073,0.0003065567720901395,0.0009347639221173365,0.0007532325518220367,0.0006700740463310129,0.0006546323193599837,0.0013608330811562634
img_00833.jpg,0.03422861569881264,0.7614967508653149,0.07062679599155919,0.011931714677077673,0.00840447385734696,0.047180842297232704,0.012777985315019225,0.053352821297636514
img_00837.jpg,0.013284796466742146,0.9603672150054579,0.00807170353228948,0.0014611185757445458,0.0021043237213140076,0.01060361052374155,0.0013447136702081646,0.002762518504502248
img_00855.jpg,0.03333020082041934,0.9416990720252171,0.005113862991277685,0.0013081491383556806,0.0018978022113642918,0.009309107272714605,0.001700247849234658,0.00564155769141663
img_00857.jpg,0.01578178173874174,0.9597862344662553,0.009357202761139145,0.0009417496877150718,0.001091487540919916,0.007411070566994179,0.0011461552205515831,0.0044843180176829455
img_00858.jpg,0.04390831393201915,0.9248362878591863,0.00599295569126429,0.0019002194402857402,0.0026056714959461834,0.01113579886458551,0.0026322787449222147,0.0069884739717906786
img_00865.jpg,0.01443606873403223,0.932839514604933,0.02309774295240936,0.0020485412369730086,0.0026099652524796293,0.016233439993652288,0.002616520950830082,0.006118206274690463
img_00876.jpg,0.9967501698073568,0.0008559839715200354,0.00024963884255680286,0.00035156809427736664,0.000652713185219251,0.0002971384430251725,0.000349866651849982,0.0004929210041946183
img_00889.jpg,0.828214994180746,0.08235126153512477,0.01107315804439739,0.011550859877270357,0.01354751034435468,0.014922100014702781,0.014977296651521407,0.023362819351882686
img_00894.jpg,0.23306847299932693,0.6632880018370064,0.016363522473978386,0.009192253631912764,0.010091965775156232,0.015453534748285945,0.014582228720536114,0.037960019813797236
img_00902.jpg,0.029194458084343764,0.02002219660701882,0.01761772284783568,0.014724671758539958,0.004757928579684685,0.044330692054718554,0.8280366043879158,0.04131572567994272
img_00914.jpg,0.060566827554266005,0.0017974187464169732,0.0026035068470838755,0.001961404788516707,0.0006104317731350664,0.0001648210619015204,0.0014577875880377954,0.9308378016406421
img_00921.jpg,0.060932670019227544,0.9143414442700805,0.004625415774993504,0.0016730719970475753,0.002467529471722977,0.007400862846765367,0.002072710530222181,0.006486295089940411
img_00927.jpg,0.028827035485953854,0.013506946499990923,0.014340247048978913,0.01129494021545029,0.004778707884335733,0.00276354331521904,0.006918431931346649,0.9175701476187246
img_00943.jpg,0.04332841521829452,0.7043051662051011,0.16561239302467828,0.005056514027667053,0.006485433450365258,0.020792790553384906,0.012525469740547052,0.04189381777996195
img_00948.jpg,0.7283173376811681,0.06313997243012764,0.01707715456620624,0.031601486391800854,0.02597243273743341,0.033509506330175874,0.030753239033914834,0.06962887082917307
img_00950.jpg,0.9802308295056988,0.005116903929775022,0.0016675280380808821,0.00306231136709022,0.0031487103125835574,0.0018637237283162906,0.00178250114943801,0.0031274919690172445
img_00959.jpg,0.04912630169158769,0.889970589460991,0.013297538517264349,0.003503085436010945,0.004526503917989394,0.019522680112937212,0.005340245782956235,0.01471305508026313
img_00962.jpg,0.0352818947350219,0.032725475750876594,0.0034936712719544553,0.0048309546134837926,0.0026067173668223977,0.0014365837571289099,0.0033294364782111463,0.9162952660265008
img_00964.jpg,0.0594895137203172,0.00032128732965442796,0.00667971557692714,0.9091116901658345,0.0012965975834175443,0.009022158121604715,0.0035977687354307947,0.010481268766813672
img_00966.jpg,0.17509681435819727,0.44339254682409995,0.05034450640024564,0.027976419205067903,0.021282577146217303,0.18077694382202908,0.03262194083976158,0.0685082514043814
img_00974.jpg,0.024866692814681228,0.9255518435746689,0.01913465480463901,0.0020435304399935767,0.003968936815036806,0.011285167605854931,0.0030000705843308837,0.010149103360794732
img_00979.jpg,0.024273307851981042,0.007862639299790919,0.03181377648635749,0.004556747691456555,0.0015479169747124467,0.0007942619539375912,0.004081943538433697,0.9250694062033302
img_00982.jpg,0.6869314952755551,0.23400900229950436,0.0085037162118587,0.011637920619897924,0.014499174452709497,0.015670899185475456,0.006362651031302757,0.02238514092369611
img_00985.jpg,0.052227215185300414,0.9264203434382045,0.005059885108553209,0.0012989729047178501,0.0014908458176917743,0.00774177144743008,0.001516794046138711,0.004244172051963577
img_00999.jpg,0.03009933616437703,0.9427961054166292,0.006601503578103532,0.001378926789450372,0.0019554823723276944,0.005423264433616798,0.0020617632656532233,0.009683617979842029
img_01022.jpg,0.028281119462141804,0.9299500129602858,0.008265744673672321,0.0021956511493954594,0.0037250396079130227,0.01948044290633122,0.003241485502990356,0.004860503737269963
img_01031.jpg,0.039169401785554774,0.9109441477376911,0.009922727037207263,0.0023636350408764053,0.0030834272374041004,0.029090300406246238,0.0022494011571625935,0.0031769595978575565
img_01035.jpg,0.026435599216070967,0.04135848282399597,0.0032818221295357356,0.005436039946624852,0.001410822560551303,0.9139258550754759,0.0077147948829281365,0.000436583364817038
img_01043.jpg,0.15409859735580606,0.8016508335048812,0.006872938776469047,0.0034318841799190238,0.002200914966508034,0.019081403389314057,0.002713166589992609,0.009950261237109933
img_01058.jpg,0.13528237434076842,0.8013953419565747,0.010580743906141265,0.005048589642480736,0.005585495243364493,0.010057770464046333,0.004683600418712793,0.027366084027911207
img_01059.jpg,0.026370693947802917,0.00468479106366913,0.0075577592639994,0.006296045583793533,0.0017126139897211423,0.0010714872970103409,0.00594775675907614,0.9463588520949274
img_01090.jpg,0.9893376348402999,0.003362972745571331,0.0006716654324588916,0.001505554317919586,0.0014929762871085908,0.0009425279021706212,0.0010265049907470342,0.0016601634837242365
img_01102.jpg,0.10576036003463588,0.08637346652792631,0.1219735566835763,0.030487516471428045,0.07587763394176082,0.021342275307024133,0.01786810843798814,0.5403170825956605
img_01103.jpg,0.11221941328580484,0.04761273788558206,0.027156313668132516,0.03143255990652704,0.01801509652005607,0.020112252828856723,0.16544610217915837,0.5780055237258824
img_01116.jpg,0.048670934656192995,0.9040227402790618,0.008071586839913427,0.0032726110223921467,0.0050753630061559475,0.02083345144656044,0.002519212069422155,0.007534100680301154
img_01134.jpg,0.05518358103153806,0.8661986020661636,0.01742263663144109,0.005217803612909563,0.005013758244721074,0.01926252430955499,0.004770254605889298,0.026930839497782248
img_01142.jpg,0.9842617143593742,0.0075848979463540465,0.0005350508290443599,0.0013370175233969376,0.0011270187359720693,0.001486769788052726,0.0007710487185455268,0.0028964820992602594
img_01168.jpg,0.10596596833109471,0.015796785223233797,0.005249541322879156,0.021581182511165413,0.0099882006116312,0.17415873052502448,0.6563782848215046,0.010881306653466538
img_01171.jpg,0.9869874706481151,0.003645725834764949,0.000736558978014525,0.0021459123700134377,0.0014151011608212333,0.001670387275556203,0.001147778717013684,0.0022510650157010416
img_01177.jpg,0.776232956397697,0.07146957150588007,0.005334133656929677,0.0187116565014502,0.012072958068733227,0.05261173134959686,0.012771873320697427,0.05079511919901566
img_01179.jpg,0.05336742043318831,0.9019057692088578,0.008744630120320628,0.0030799492386251316,0.00407794749950946,0.017317877241335097,0.0031242698118267975,0.00838213644633675
img_01188.jpg,0.0473211160992021,0.04323344393015225,0.027327471315493172,0.034703411546911964,0.010242843568566369,0.7760348122451973,0.05041151391324038,0.01072538738123644
img_01198.jpg,0.1094855965751008,0.7679725366105106,0.019857060644114275,0.009147424286728373,0.036915310143786635,0.024664098895403264,0.011999210048987014,0.01995876279536904
img_01204.jpg,0.9959691768574,0.0009164785369244697,0.00025885087323969955,0.0006339195613941362,0.0006625577269486964,0.000402107888115173,0.0005134466746580443,0.0006434618813196698
img_01208.jpg,0.9798354875671177,0.005583203047648487,0.0015010987021850828,0.0035270862332208697,0.002790101651713902,0.001761889781870864,0.0018318055823120488,0.0031693274339311705
img_01211.jpg,0.17674429164139524,0.239796163592878,0.545012832789645,0.0045599711299911475,0.0026776843686080313,0.010388759377218719,0.0016357502568555538,0.01918454684340839
img_01213.jpg,0.03141760225905458,0.9372767830050808,0.00894484935827671,0.0012357489918645417,0.0029485253117775196,0.009135874230723593,0.002186766880561579,0.006853849962660584
img_01222.jpg,0.1187517935258387,0.6337765345797606,0.09721368269717841,0.009553576649238069,0.016634694158792405,0.041779895272850316,0.019353586718145292,0.06293623639819637
img_01224.jpg,0.050950380707636876,0.06605511055202096,0.04925564486376131,0.01255710489069142,0.008258170006538832,0.005385660754556642,0.012815308435056589,0.7947226197897372
img_01237.jpg,0.9053570493466055,0.032124687522148136,0.005728002504827771,0.007653552203423809,0.006793014440508977,0.008196483524880496,0.0053630040842917726,0.028784206373313265
img_01249.jpg,0.8667707257181151,0.0641547083905029,0.004877671304066757,0.009293798964634562,0.010034340515917357,0.01614763795435488,0.01065035376322036,0.018070763389188022
img_01253.jpg,0.020827570973017604,0.0024839321380814706,0.0032259508197835466,0.0030949435177351796,0.0008889841147822023,0.00028251074505950756,0.004826519389947977,0.9643695883015924
img_01286.jpg,0.1655135257412589,0.16195610905735888,0.08501458366591079,0.009955079368029238,0.008093256466431489,0.008823178026121483,0.009007029256699316,0.5516372384181899
img_01289.jpg,0.01725135593125689,0.0021834340550098267,0.004896718216240997,0.003883224863718704,0.0008869237939012125,0.0005353705966027902,0.003250178288440336,0.9671127942548292
img_01325.jpg,0.9630152175000322,0.009533250113126501,0.0027218023264032947,0.004265497369955869,0.005078727455850308,0.004216542849440299,0.004090675895586554,0.007078286489604894
img_01328.jpg,0.022795575599129658,0.9528582181968412,0.0075472412590521405,0.0008659055233297781,0.0019636466518446905,0.009185731952637836,0.0014404924277382012,0.00334318838942636
img_01366.jpg,0.4779634178245628,0.05011846985476983,0.018142655801154237,0.029827364217070385,0.011355736293535881,0.37376191643754225,0.012338787234352748,0.026491652337011794
img_01371.jpg,0.04272565510181429,0.9200353467819219,0.008404026448531167,0.002209127183109381,0.002959904667464795,0.010107660809297809,0.0028007971990330473,0.010757481808827603
img_01373.jpg,0.7946152678512971,0.1772138014853485,0.0019435785632088076,0.0032749085737922975,0.0028645513434422515,0.00537295524557548,0.002231641434814556,0.01248329550252106
img_01377.jpg,0.5687168918634787,0.22501009271538738,0.03615492957931832,0.026548303070578056,0.017136909600324043,0.028004079194145076,0.013797057843896999,0.08463173613287132
img_01379.jpg,0.041239852888959073,0.8440642983511312,0.06417595377655481,0.004318946963280631,0.0060682537734391365,0.018382322063585674,0.004112197090832937,0.0176381750922165
img_01384.jpg,0.16661296635997047,0.3836305792342282,0.03379962882538598,0.04176490069933982,0.011749353795442258,0.2535465957793302,0.03244108886673076,0.07645488643957225
img_01388.jpg,0.03023301669034748,0.8954275291593431,0.04601184884544064,0.001636838097026731,0.003584185523266669,0.011861118514328476,0.0018680080551905153,0.009377455115056374
img_01392.jpg,0.06855808653307253,0.0007869966283946673,0.008688239468449961,0.8801912152583831,0.0029931392312962826,0.011298392358074838,0.00884762254510315,0.01863630797722534
img_01399.jpg,0.021306786936766717,0.07665984344403971,0.8242501741725514,0.010702527433413132,0.005200530688160382,0.014780865536483246,0.007450034222020508,0.03964923756656481
img_01404.jpg,0.00970637696498887,0.9658721462022765,0.008577950952835246,0.0008524721869705896,0.0013988363716566003,0.007706543543446271,0.00149245638765089,0.004393217390174968
img_01405.jpg,0.017947567811435843,0.9511289844588977,0.006385744998378969,0.001247117179172381,0.0021601078619181814,0.015742428335989964,0.0017363187494473433,0.0036517306047596848
img_01413.jpg,0.03498130236125376,0.9449513552468012,0.004995220349386759,0.000798690751669749,0.0012286224885001194,0.007668386123558938,0.001263177368735471,0.004113245310093959
img_01426.jpg,0.043104038374508484,0.009260227698725991,0.015079175082442144,0.014706896291468282,0.0033434693900450695,0.03926286734859439,0.84495006408166,0.030293261732555702
img_01431.jpg,0.11803954927022077,0.033516243593335916,0.04859898723804744,0.015710950066551016,0.690715420854531,0.04432645517449514,0.02131932108913388,0.02777307271368499
img_01441.jpg,0.052699287146761115,0.005059888923732705,0.0061292746774120384,0.0058672872839809365,0.0020596597809198116,0.0007955688971159148,0.009753590890154706,0.9176354423999227
img_01444.jpg,0.06243991248789494,0.03412613234271823,0.019940833617286227,0.01187415925263528,0.005917606054153121,0.004300666720373263,0.015344235516635118,0.8460564540083038
img_01490.jpg,0.06266138495829235,0.01013802851287637,0.0029127849656330205,0.004329922817535735,0.001531754491296933,0.0008144234623944587,0.002965342416505319,0.9146463583754658
img_01495.jpg,0.07841291864387019,0.2986574143357804,0.29831499126328237,0.015629235195713714,0.0033888822210083706,0.017722902821730807,0.010566034563938129,0.277307620954676
img_01505.jpg,0.9956964454486088,0.0011785616449245051,0.0003266023763397695,0.00048203287316352653,0.0008558251273009765,0.0004076411861862583,0.000443317140274209,0.000609574203201916
img_01511.jpg,0.07337400816077198,0.8273112375400552,0.030858587940487882,0.005378456837554796,0.006532930891823619,0.026567906854246023,0.0049721417009439516,0.025004730074116497
img_01519.jpg,0.0760337018861834,0.70790076129422,0.029677660163106682,0.019077426452238422,0.012778866774121494,0.04213934902592445,0.019093056666060128,0.09329917773814553
img_01530.jpg,0.061272873007592786,0.14853121003059447,0.561696195311144,0.02887168280897665,0.02678257819647646,0.018199767176107405,0.011490636810230518,0.14315505665887776
img_01537.jpg,0.052370444648309145,0.5832394543959161,0.11326209889600215,0.02329678246357218,0.014216252766901805,0.13305154935069333,0.021720311420022537,0.05884310605858281
img_01538.jpg,0.012579645192584307,0.9456570516698575,0.02023020969182983,0.0011698020398114336,0.00198750199978973,0.01167276773280963,0.0018142402047196177,0.004888781468598153
img_01541.jpg,0.9940711349610261,0.0024806300691916417,0.00023141361847641014,0.0006713003675724068,0.0006164464891108292,0.0005656399797517043,0.00047644882620483575,0.0008869856886658793
img_01543.jpg,0.033610896958822335,0.8995124216483198,0.011915217078022095,0.002881058051464355,0.0033895303633806315,0.007509062138335377,0.0038217517349012093,0.037360062026754376
img_01548.jpg,0.028295612063608432,0.9447170599465884,0.0055300194537378465,0.001489259827508077,0.0018325023499881157,0.00796448828153429,0.002391196343998292,0.0077798617330363615
img_01552.jpg,0.052052154760423394,0.8422142242610027,0.023416931492347713,0.005978221628494477,0.006790687639351793,0.05129014152472532,0.007923838092986987,0.010333800600667652
img_01561.jpg,0.9899010528368565,0.004466546057207756,0.0004657280221183527,0.0009698467830122542,0.0011666387036957167,0.0010017152763703708,0.0007481262392045092,0.001280346081534642
img_01562.jpg,0.041363251512508664,0.9002629829439295,0.013016833117933889,0.0039445267102770866,0.0052027153282618544,0.01410986475663494,0.004881033414719542,0.017218792215734545
img_01571.jpg,0.05028614273222547,0.7742569815796337,0.12333836145521918,0.00214185784107597,0.002465987530503619,0.013204756262345472,0.007431264555888582,0.026874648043107935
img_01593.jpg,0.03750714674842144,0.8441764846835658,0.025408888577055977,0.005617750742371269,0.008990347169175846,0.012662586221430494,0.008355518103525028,0.057281277754454234
img_01595.jpg,0.6759330313392771,0.010157339554965806,0.020358879348329327,0.025070684931311784,0.016118733190586633,0.0038613126961928148,0.009501723459892482,0.23899829547944407
img_01616.jpg,0.03847463389614705,0.8737689367140433,0.05743325439032913,0.0014917818701913276,0.0037085202536776907,0.006317388125375285,0.0015423510368788348,0.01726313371335736
img_01618.jpg,0.0520921538961923,0.9055072290334865,0.009339686571943609,0.002071921098552063,0.004579347839428635,0.014812162017583447,0.002478211643877072,0.009119287898936426
img_01627.jpg,0.025609947888906377,0.9214268044997361,0.02509603851948269,0.0022422423834222087,0.002124237854577617,0.007838818644168376,0.0022901787477982776,0.01337173146190845
img_01632.jpg,0.8165219046178516,0.1103247383855671,0.00844871649257931,0.008472474691121223,0.013312628564909198,0.01670641450600014,0.008392323074775011,0.01782079966719634
img_01633.jpg,0.05919169561693939,0.9066738258928895,0.0064763135550945225,0.002243428236041016,0.0027880295642484535,0.008030704370526894,0.002779968742864213,0.011816034021396011
img_01640.jpg,0.02795417173401926,0.7491705351194691,0.014778665825597195,0.004239548047620895,0.0038959154230327896,0.005708096954975086,0.004082475232470076,0.19017059166281564
img_01646.jpg,0.012999201703624447,0.9635988285100884,0.007846904546780975,0.0009315088328546953,0.0016325244235384838,0.007389605525223624,0.0014733980253981592,0.004128028432491271
img_01647.jpg,0.7146699376557811,0.023677050474249638,0.020164487228376823,0.10229289943966051,0.013690036531909339,0.09829703042499671,0.008254073767960002,0.018954484477065867
img_01649.jpg,0.17720372574223817,0.7390645754725721,0.00828665147912627,0.0067650542731464095,0.008873461246902626,0.02343502789692705,0.005481303984081037,0.03089019990500636
img_01657.jpg,0.05613144282423087,0.00010241493167873152,0.004648376843953866,0.9079641721882155,0.0007416416176096391,0.003980560058893638,0.0032613332875756785,0.02317005824784221
img_01669.jpg,0.10709285364839531,0.03153906428000018,0.05086958733275754,0.015052807184713258,0.7009169078556962,0.045874443094547204,0.02113602895572768,0.027518307648162887
img_01673.jpg,0.05153118902823987,0.8325467559261055,0.010968811462023812,0.004638119902698078,0.004614238560489108,0.022559106417725787,0.015871046438784626,0.05727073226393324
img_01681.jpg,0.06030272720907111,0.026671363198078248,0.014084883626635595,0.013683694062074878,0.0030083877867931458,0.003975613598827317,0.008310561351582127,0.8699627691669375
img_01684.jpg,0.040774090656638916,0.9417545340926732,0.004219590325652245,0.001113811909522033,0.0018752624001470244,0.006486242732057088,0.0010188039027451779,0.002757663980564311
img_01685.jpg,0.9418518496930269,0.022668786438092756,0.0030195472909473665,0.005930997344888875,0.006073245537693716,0.008037563781015711,0.004087107393728363,0.008330902520606342
img_01687.jpg,0.05456285040273118,0.8769316104515671,0.011392156509829643,0.00299761861463446,0.0028349071775241597,0.008366059823767176,0.003777395170705142,0.039137401849241304
img_01688.jpg,0.01849398199752931,0.0020550406673192512,0.0028831333363257597,0.003108894152753925,0.0007506073406559794,0.0004114169510170254,0.0028174644921274638,0.9694794610622713
img_01689.jpg,0.017674488461213625,0.013144118738710324,0.05417243397182696,0.012617607334236586,0.003912597652066213,0.0036693653030310863,0.012932078521088273,0.8818773100178269
img_01716.jpg,0.9934881863222601,0.00269776451840206,0.0002592661052294546,0.0007364264375383531,0.0006470205839283162,0.0005773754252676297,0.0005176601282487945,0.0010763004791255095
