image,NoF,ALB,BET,DOL,LAG,OTHER,SHARK,YFT
img_00005.jpg,0.9345792497497288,0.009345821464324451,0.009345821464324451,0.009345821464324451,0.009345821464324451,0.009345821464324451,0.009345821464324451,0.009345821464324451
img_00007.jpg,0.009348215335612834,0.009348215335612834,0.009348215335612834,0.009348215335612834,0.009348215335612834,0.009348215335612834,0.009348215335612834,0.9345624926507101
img_00009.jpg,0.009400043190897074,0.9341996976637205,0.009400043190897074,0.009400043190897074,0.009400043190897074,0.009400043190897074,0.009400043190897074,0.009400043190897074
img_00018.jpg,0.009350637533273896,0.9345455372670827,0.009350637533273896,0.009350637533273896,0.009350637533273896,0.009350637533273896,0.009350637533273896,0.009350637533273896
img_00027.jpg,0.009435536373715074,0.9339512453839944,0.009435536373715074,0.009435536373715074,0.009435536373715074,0.009435536373715074,0.009435536373715074,0.009435536373715074
img_00030.jpg,0.9345782511986244,0.009345964114482231,0.009345964114482231,0.009345964114482231,0.009345964114482231,0.009345964114482231,0.009345964114482231,0.009345964114482231
img_00040.jpg,0.01364675345204255,0.009531158066176432,0.009531158066176432,0.009531158066176432,0.009531158066176432,0.031536385597200234,0.907161070619875,0.009531158066176432
img_00046.jpg,0.9345793372126072,0.009345808969627537,0.009345808969627537,0.009345808969627537,0.009345808969627537,0.009345808969627537,0.009345808969627537,0.009345808969627537
img_00053.jpg,0.009403956935483147,0.9341723014516179,0.009403956935483147,0.009403956935483147,0.009403956935483147,0.009403956935483147,0.009403956935483147,0.009403956935483147
img_00071.jpg,0.018215472714023587,0.009491587696084006,0.009491587696084006,0.009491587696084006,0.9248350011094724,0.009491587696084006,0.009491587696084006,0.009491587696084006
img_00075.jpg,0.009354572305639687,0.9345179938605221,0.009354572305639687,0.009354572305639687,0.009354572305639687,0.009354572305639687,0.009354572305639687,0.009354572305639687
img_00102.jpg,0.009448822342432012,0.4710211650073251,0.009448822342432012,0.009448822342432012,0.009448822342432012,0.009448822342432012,0.009448822342432012,0.47228590093808276
img_00103.jpg,0.00945781084542608,0.9164491698716564,0.00945781084542608,0.00945781084542608,0.00945781084542608,0.026803965055787096,0.00945781084542608,0.00945781084542608
img_00109.jpg,0.009349707373475189,0.9345520483856736,0.009349707373475189,0.009349707373475189,0.009349707373475189,0.009349707373475189,0.009349707373475189,0.009349707373475189
img_00119.jpg,0.9345794246752517,0.009345796474964033,0.009345796474964033,0.009345796474964033,0.009345796474964033,0.009345796474964033,0.009345796474964033,0.009345796474964033
img_00120.jpg,0.009354885790810768,0.9345157994643246,0.009354885790810768,0.009354885790810768,0.009354885790810768,0.009354885790810768,0.009354885790810768,0.009354885790810768
img_00125.jpg,0.0138813071025166,0.9291722567369928,0.009491072693415105,0.009491072693415105,0.009491072693415105,0.009491072693415105,0.009491072693415105,0.009491072693415105
img_00128.jpg,0.009361949206544479,0.009361949206544479,0.009361949206544479,0.009361949206544479,0.009361949206544479,0.009361949206544479,0.009361949206544479,0.9344663555541886
img_00129.jpg,0.06399197242676725,0.08285006801618866,0.009864415890138908,0.014867782887909355,0.009864415890138908,0.09564072488207567,0.08421911513219373,0.6387015048745875
img_00133.jpg,0.9345747961223827,0.009346457696802467,0.009346457696802467,0.009346457696802467,0.009346457696802467,0.009346457696802467,0.009346457696802467,0.009346457696802467
img_00138.jpg,0.009399124239008473,0.9342061303269407,0.009399124239008473,0.009399124239008473,0.009399124239008473,0.009399124239008473,0.009399124239008473,0.009399124239008473
img_00141.jpg,0.009347329923813884,0.009347329923813884,0.009347329923813884,0.009347329923813884,0.009347329923813884,0.009347329923813884,0.009347329923813884,0.9345686905333027
img_00152.jpg,0.010504652038107312,0.8261780708852343,0.009538217988734601,0.009538217988734601,0.009538217988734601,0.009538217988734601,0.009538217988734601,0.1156261871329853
img_00161.jpg,0.009347388251665504,0.009347388251665504,0.009347388251665504,0.009347388251665504,0.009347388251665504,0.009347388251665504,0.009347388251665504,0.9345682822383414
img_00164.jpg,0.9345792060182019,0.009345827711685436,0.009345827711685436,0.009345827711685436,0.009345827711685436,0.009345827711685436,0.009345827711685436,0.009345827711685436
img_00170.jpg,0.010139567042196103,0.009607874400346437,0.9322131865557253,0.009607874400346437,0.009607874400346437,0.009607874400346437,0.009607874400346437,0.009607874400346437
img_00171.jpg,0.8260296428480101,0.0094383154614232,0.0094383154614232,0.0094383154614232,0.0094383154614232,0.11734046438345072,0.0094383154614232,0.0094383154614232
img_00172.jpg,0.93457887074122,0.009345875608397138,0.009345875608397138,0.009345875608397138,0.009345875608397138,0.009345875608397138,0.009345875608397138,0.009345875608397138
img_00175.jpg,0.5264836057462892,0.009447385219247123,0.009447385219247123,0.009447385219247123,0.009447385219247123,0.4168320829382281,0.009447385219247123,0.009447385219247123
img_00180.jpg,0.009351140991055641,0.009351140991055641,0.009351140991055641,0.009351140991055641,0.009351140991055641,0.009351140991055641,0.009351140991055641,0.9345420130626104
img_00196.jpg,0.9345794173867069,0.009345797516184716,0.009345797516184716,0.009345797516184716,0.009345797516184716,0.009345797516184716,0.009345797516184716,0.009345797516184716
img_00212.jpg,0.009359515402185544,0.009359515402185544,0.009359515402185544,0.009359515402185544,0.009359515402185544,0.009359515402185544,0.009359515402185544,0.9344833921847011
img_00223.jpg,0.009387463646134403,0.9342877544770591,0.009387463646134403,0.009387463646134403,0.009387463646134403,0.009387463646134403,0.009387463646134403,0.009387463646134403
img_00230.jpg,0.009354402792461088,0.9345191804527724,0.009354402792461088,0.009354402792461088,0.009354402792461088,0.009354402792461088,0.009354402792461088,0.009354402792461088
img_00232.jpg,0.009443174450050322,0.009443174450050322,0.009443174450050322,0.009443174450050322,0.009443174450050322,0.009443174450050322,0.9338977788496476,0.009443174450050322
img_00244.jpg,0.009349142072648812,0.9345560054914582,0.009349142072648812,0.009349142072648812,0.009349142072648812,0.009349142072648812,0.009349142072648812,0.009349142072648812
img_00272.jpg,0.009417466645375842,0.934077733482369,0.009417466645375842,0.009417466645375842,0.009417466645375842,0.009417466645375842,0.009417466645375842,0.009417466645375842
img_00280.jpg,0.01194979149735104,0.9314117236360054,0.009439747477773906,0.009439747477773906,0.009439747477773906,0.009439747477773906,0.009439747477773906,0.009439747477773906
img_00282.jpg,0.04907560845863882,0.009441050013209646,0.009441050013209646,0.009441050013209646,0.009441050013209646,0.8942780914621032,0.009441050013209646,0.009441050013209646
img_00285.jpg,0.00935546743708792,0.9345117279403845,0.00935546743708792,0.00935546743708792,0.00935546743708792,0.00935546743708792,0.00935546743708792,0.00935546743708792
img_00289.jpg,0.0472463787124302,0.8961294936569397,0.009437354605105001,0.009437354605105001,0.009437354605105001,0.009437354605105001,0.009437354605105001,0.009437354605105001
img_00292.jpg,0.027523348396583356,0.9158489722913187,0.009437946552016314,0.009437946552016314,0.009437946552016314,0.009437946552016314,0.009437946552016314,0.009437946552016314
img_00302.jpg,0.009476785278476231,0.009476785278476231,0.009476785278476231,0.009476785278476231,0.009476785278476231,0.1136850296672756,0.829454258661867,0.009476785278476231
img_00311.jpg,0.009360879952496777,0.9344738403325225,0.009360879952496777,0.009360879952496777,0.009360879952496777,0.009360879952496777,0.009360879952496777,0.009360879952496777
img_00320.jpg,0.009373999489156291,0.934382003575906,0.009373999489156291,0.009373999489156291,0.009373999489156291,0.009373999489156291,0.009373999489156291,0.009373999489156291
img_00331.jpg,0.009662483378741744,0.9201523717928901,0.009662483378741744,0.009662483378741744,0.009662483378741744,0.017927057326870628,0.013608153986530477,0.009662483378741744
img_00358.jpg,0.023061527237493582,0.9202807006627541,0.00944296201662537,0.00944296201662537,0.00944296201662537,0.00944296201662537,0.00944296201662537,0.00944296201662537
img_00374.jpg,0.00942555468700468,0.9340211171909671,0.00942555468700468,0.00942555468700468,0.00942555468700468,0.00942555468700468,0.00942555468700468,0.00942555468700468
img_00375.jpg,0.009526997122223498,0.009526997122223498,0.009526997122223498,0.9239422593134469,0.009526997122223498,0.018895757953212057,0.009526997122223498,0.009526997122223498
img_00376.jpg,0.009354055961563797,0.9345216082690534,0.009354055961563797,0.009354055961563797,0.009354055961563797,0.009354055961563797,0.009354055961563797,0.009354055961563797
img_00380.jpg,0.00934862320229466,0.9345596375839373,0.00934862320229466,0.00934862320229466,0.00934862320229466,0.00934862320229466,0.00934862320229466,0.00934862320229466
img_00383.jpg,0.009386946815999823,0.9342913722880012,0.009386946815999823,0.009386946815999823,0.009386946815999823,0.009386946815999823,0.009386946815999823,0.009386946815999823
img_00398.jpg,0.009348599239794201,0.9345598053214406,0.009348599239794201,0.009348599239794201,0.009348599239794201,0.009348599239794201,0.009348599239794201,0.009348599239794201
img_00407.jpg,0.009364529585172723,0.934448292903791,0.009364529585172723,0.009364529585172723,0.009364529585172723,0.009364529585172723,0.009364529585172723,0.009364529585172723
img_00417.jpg,0.009352162144891403,0.009352162144891403,0.009352162144891403,0.009352162144891403,0.009352162144891403,0.009352162144891403,0.009352162144891403,0.9345348649857601
img_00432.jpg,0.03733800399053596,0.8162429759173839,0.009531129351627154,0.009531129351627154,0.009531129351627154,0.0987633733339443,0.009531129351627154,0.009531129351627154
img_00442.jpg,0.009346673264930805,0.009346673264930805,0.009346673264930805,0.009346673264930805,0.009346673264930805,0.009346673264930805,0.009346673264930805,0.9345732871454843
img_00446.jpg,0.009348637788224649,0.9345595354824274,0.009348637788224649,0.009348637788224649,0.009348637788224649,0.009348637788224649,0.009348637788224649,0.009348637788224649
img_00469.jpg,0.009349757394167432,0.934551698240828,0.009349757394167432,0.009349757394167432,0.009349757394167432,0.009349757394167432,0.009349757394167432,0.009349757394167432
img_00473.jpg,0.00934872217914162,0.9345589447460086,0.00934872217914162,0.00934872217914162,0.00934872217914162,0.00934872217914162,0.00934872217914162,0.00934872217914162
img_00483.jpg,0.00936062821447545,0.9344756024986718,0.00936062821447545,0.00936062821447545,0.00936062821447545,0.00936062821447545,0.00936062821447545,0.00936062821447545
img_00484.jpg,0.009380143518451912,0.009380143518451912,0.009380143518451912,0.009380143518451912,0.009380143518451912,0.009380143518451912,0.009380143518451912,0.9343389953708365
img_00486.jpg,0.1244016432973556,0.5515283323315715,0.009754229605960962,0.009754229605960962,0.2712530456714432,0.013800060275785817,0.009754229605960962,0.009754229605960962
img_00487.jpg,0.9343137468011985,0.009383750456971632,0.009383750456971632,0.009383750456971632,0.009383750456971632,0.009383750456971632,0.009383750456971632,0.009383750456971632
img_00493.jpg,0.9345793372126072,0.009345808969627537,0.009345808969627537,0.009345808969627537,0.009345808969627537,0.009345808969627537,0.009345808969627537,0.009345808969627537
img_00518.jpg,0.009348620076744156,0.9345596594627908,0.009348620076744156,0.009348620076744156,0.009348620076744156,0.009348620076744156,0.009348620076744156,0.009348620076744156
img_00533.jpg,0.009385533177169142,0.9343012677598159,0.009385533177169142,0.009385533177169142,0.009385533177169142,0.009385533177169142,0.009385533177169142,0.009385533177169142
img_00538.jpg,0.009351288494648948,0.9345409805374573,0.009351288494648948,0.009351288494648948,0.009351288494648948,0.009351288494648948,0.009351288494648948,0.009351288494648948
img_00543.jpg,0.009413691128876361,0.9341041620978654,0.009413691128876361,0.009413691128876361,0.009413691128876361,0.009413691128876361,0.009413691128876361,0.009413691128876361
img_00550.jpg,0.017230578329290116,0.7810743716746553,0.009525379692616166,0.009525379692616166,0.009525379692616166,0.15406815153297373,0.009525379692616166,0.009525379692616166
img_00551.jpg,0.030781107342311608,0.7250097358198867,0.009535245841909552,0.009535245841909552,0.009535245841909552,0.009535245841909552,0.009535245841909552,0.19653292762825383
img_00564.jpg,0.9345786593691826,0.009345905804402478,0.009345905804402478,0.009345905804402478,0.009345905804402478,0.009345905804402478,0.009345905804402478,0.009345905804402478
img_00575.jpg,0.009375782173652772,0.9343695247844306,0.009375782173652772,0.009375782173652772,0.009375782173652772,0.009375782173652772,0.009375782173652772,0.009375782173652772
img_00582.jpg,0.009352578697906707,0.934531949114653,0.009352578697906707,0.009352578697906707,0.009352578697906707,0.009352578697906707,0.009352578697906707,0.009352578697906707
img_00584.jpg,0.009374235709578198,0.9343803500329525,0.009374235709578198,0.009374235709578198,0.009374235709578198,0.009374235709578198,0.009374235709578198,0.009374235709578198
img_00587.jpg,0.009484567637506209,0.009484567637506209,0.011554459895282665,0.009484567637506209,0.009484567637506209,0.009484567637506209,0.009484567637506209,0.93153813427968
img_00590.jpg,0.009482502088760706,0.01221374556192204,0.009482502088760706,0.009482502088760706,0.009482502088760706,0.009482502088760706,0.009482502088760706,0.9308912419055136
img_00591.jpg,0.009349118107488332,0.009349118107488332,0.009349118107488332,0.009349118107488332,0.009349118107488332,0.009349118107488332,0.009349118107488332,0.9345561732475817
img_00598.jpg,0.009348816990507701,0.934558281066446,0.009348816990507701,0.009348816990507701,0.009348816990507701,0.009348816990507701,0.009348816990507701,0.009348816990507701
img_00599.jpg,0.06784737306376502,0.7527921665419193,0.009579809030590181,0.009579809030590181,0.009579809030590181,0.009579809030590181,0.009579809030590181,0.13146141524136473
img_00612.jpg,0.009366934097148094,0.9344314613199632,0.009366934097148094,0.009366934097148094,0.009366934097148094,0.009366934097148094,0.009366934097148094,0.009366934097148094
img_00618.jpg,0.9345636666927258,0.009348047615324866,0.009348047615324866,0.009348047615324866,0.009348047615324866,0.009348047615324866,0.009348047615324866,0.009348047615324866
img_00620.jpg,0.009627749800608524,0.10885502393670413,0.13371067654698923,0.009627749800608524,0.009627749800608524,0.009627749800608524,0.009627749800608524,0.709295550513264
img_00642.jpg,0.009370274437970444,0.009370274437970444,0.009370274437970444,0.009370274437970444,0.9344080789342069,0.009370274437970444,0.009370274437970444,0.009370274437970444
img_00646.jpg,0.009347162756057705,0.009347162756057705,0.009347162756057705,0.009347162756057705,0.009347162756057705,0.009347162756057705,0.009347162756057705,0.934569860707596
img_00648.jpg,0.009460056118156479,0.9282589735042871,0.009460056118156479,0.009460056118156479,0.009460056118156479,0.009460056118156479,0.009460056118156479,0.014980689786773924
img_00650.jpg,0.0253473159213156,0.16605299652018254,0.009849711715958033,0.010193693109054469,0.009849711715958033,0.48557241242905985,0.17116329428286045,0.12197086430561102
img_00654.jpg,0.009355517519431695,0.934511377363978,0.009355517519431695,0.009355517519431695,0.009355517519431695,0.009355517519431695,0.009355517519431695,0.009355517519431695
img_00664.jpg,0.00939725476613585,0.934219216637049,0.00939725476613585,0.00939725476613585,0.00939725476613585,0.00939725476613585,0.00939725476613585,0.00939725476613585
img_00667.jpg,0.9345794246752517,0.009345796474964033,0.009345796474964033,0.009345796474964033,0.009345796474964033,0.009345796474964033,0.009345796474964033,0.009345796474964033
img_00676.jpg,0.9345794246752517,0.009345796474964033,0.009345796474964033,0.009345796474964033,0.009345796474964033,0.009345796474964033,0.009345796474964033,0.009345796474964033
img_00697.jpg,0.009346340023710618,0.009346340023710618,0.009346340023710618,0.009346340023710618,0.009346340023710618,0.009346340023710618,0.009346340023710618,0.9345756198340256
img_00708.jpg,0.009388452294824259,0.9342808339362302,0.009388452294824259,0.009388452294824259,0.009388452294824259,0.009388452294824259,0.009388452294824259,0.009388452294824259
img_00716.jpg,0.009359883525250075,0.009359883525250075,0.009359883525250075,0.009359883525250075,0.009359883525250075,0.9344808153232494,0.009359883525250075,0.009359883525250075
img_00717.jpg,0.009350635969824854,0.9345455482112259,0.009350635969824854,0.009350635969824854,0.009350635969824854,0.009350635969824854,0.009350635969824854,0.009350635969824854
img_00718.jpg,0.009352086032830583,0.9345353977701859,0.009352086032830583,0.009352086032830583,0.009352086032830583,0.009352086032830583,0.009352086032830583,0.009352086032830583
img_00723.jpg,0.9345712677776455,0.009346961746050634,0.009346961746050634,0.009346961746050634,0.009346961746050634,0.009346961746050634,0.009346961746050634,0.009346961746050634
img_00724.jpg,0.009346876345452072,0.009346876345452072,0.009346876345452072,0.009346876345452072,0.009346876345452072,0.009346876345452072,0.009346876345452072,0.9345718655818355
img_00726.jpg,0.009349050380525135,0.934556647336324,0.009349050380525135,0.009349050380525135,0.009349050380525135,0.009349050380525135,0.009349050380525135,0.009349050380525135
img_00729.jpg,0.01537870987644256,0.6299214109383239,0.009638946168169793,0.009638946168169793,0.009638946168169793,0.3065051483443845,0.009638946168169793,0.009638946168169793
img_00730.jpg,0.00934789448466572,0.00934789448466572,0.00934789448466572,0.00934789448466572,0.00934789448466572,0.00934789448466572,0.00934789448466572,0.9345647386073399
img_00757.jpg,0.00935071622755116,0.9345449864071418,0.00935071622755116,0.00935071622755116,0.00935071622755116,0.00935071622755116,0.00935071622755116,0.00935071622755116
img_00760.jpg,0.00938251932664486,0.00938251932664486,0.00938251932664486,0.00938251932664486,0.934322364713486,0.00938251932664486,0.00938251932664486,0.00938251932664486
img_00763.jpg,0.9345793517897308,0.0093458068871813,0.0093458068871813,0.0093458068871813,0.0093458068871813,0.0093458068871813,0.0093458068871813,0.0093458068871813
img_00764.jpg,0.009347637194786804,0.009347637194786804,0.009347637194786804,0.009347637194786804,0.009347637194786804,0.009347637194786804,0.009347637194786804,0.9345665396364923
img_00765.jpg,0.009419038511942177,0.009419038511942177,0.009419038511942177,0.009419038511942177,0.009419038511942177,0.9340667304164048,0.009419038511942177,0.009419038511942177
img_00772.jpg,0.009458088913631476,0.9337933776045796,0.009458088913631476,0.009458088913631476,0.009458088913631476,0.009458088913631476,0.009458088913631476,0.009458088913631476
img_00773.jpg,0.009372334760904903,0.9343936566736656,0.009372334760904903,0.009372334760904903,0.009372334760904903,0.009372334760904903,0.009372334760904903,0.009372334760904903
img_00777.jpg,0.009347100264973983,0.009347100264973983,0.009347100264973983,0.009347100264973983,0.009347100264973983,0.9345702981451821,0.009347100264973983,0.009347100264973983
img_00780.jpg,0.009348637788224649,0.009348637788224649,0.009348637788224649,0.009348637788224649,0.009348637788224649,0.009348637788224649,0.009348637788224649,0.9345595354824274
img_00798.jpg,0.009350097653287117,0.9345493164269901,0.009350097653287117,0.009350097653287117,0.009350097653287117,0.009350097653287117,0.009350097653287117,0.009350097653287117
img_00808.jpg,0.009366665299360687,0.9344333429044751,0.009366665299360687,0.009366665299360687,0.009366665299360687,0.009366665299360687,0.009366665299360687,0.009366665299360687
img_00816.jpg,0.009350253982777938,0.9345482221205543,0.009350253982777938,0.009350253982777938,0.009350253982777938,0.009350253982777938,0.009350253982777938,0.009350253982777938
img_00828.jpg,0.9345794100981605,0.009345798557405631,0.009345798557405631,0.009345798557405631,0.009345798557405631,0.009345798557405631,0.009345798557405631,0.009345798557405631
img_00833.jpg,0.009593992654135177,0.9181731339495987,0.02426291012559028,0.009593992654135177,0.009593992654135177,0.009593992654135177,0.009593992654135177,0.009593992654135177
img_00837.jpg,0.01168600370888596,0.9316652806597221,0.009441452605231982,0.009441452605231982,0.009441452605231982,0.009441452605231982,0.009441452605231982,0.009441452605231982
img_00855.jpg,0.00935275075190755,0.9345307447366471,0.00935275075190755,0.00935275075190755,0.00935275075190755,0.00935275075190755,0.00935275075190755,0.00935275075190755
img_00857.jpg,0.00934906496778814,0.9345565452254829,0.00934906496778814,0.00934906496778814,0.00934906496778814,0.00934906496778814,0.00934906496778814,0.00934906496778814
img_00858.jpg,0.009353739403030439,0.9345238241787869,0.009353739403030439,0.009353739403030439,0.009353739403030439,0.009353739403030439,0.009353739403030439,0.009353739403030439
img_00865.jpg,0.009348071054133782,0.9345635026210635,0.009348071054133782,0.009348071054133782,0.009348071054133782,0.009348071054133782,0.009348071054133782,0.009348071054133782
img_00876.jpg,0.9345794100981605,0.009345798557405631,0.009345798557405631,0.009345798557405631,0.009345798557405631,0.009345798557405631,0.009345798557405631,0.009345798557405631
img_00889.jpg,0.9341661057431059,0.00940484203669915,0.00940484203669915,0.00940484203669915,0.00940484203669915,0.00940484203669915,0.00940484203669915,0.00940484203669915
img_00894.jpg,0.11915720262828407,0.8239829299998543,0.009476644561976923,0.009476644561976923,0.009476644561976923,0.009476644561976923,0.009476644561976923,0.009476644561976923
img_00902.jpg,0.009489055084583026,0.009489055084583026,0.009489055084583026,0.009489055084583026,0.009489055084583026,0.009489055084583026,0.9335766144079187,0.009489055084583026
img_00914.jpg,0.009348687797473009,0.009348687797473009,0.009348687797473009,0.009348687797473009,0.009348687797473009,0.009348687797473009,0.009348687797473009,0.9345591854176889
img_00921.jpg,0.009393885697346846,0.934242800118572,0.009393885697346846,0.009393885697346846,0.009393885697346846,0.009393885697346846,0.009393885697346846,0.009393885697346846
img_00927.jpg,0.009353710199368825,0.009353710199368825,0.009353710199368825,0.009353710199368825,0.009353710199368825,0.009353710199368825,0.009353710199368825,0.9345240286044182
img_00943.jpg,0.009359071604367082,0.9344864987694304,0.009359071604367082,0.009359071604367082,0.009359071604367082,0.009359071604367082,0.009359071604367082,0.009359071604367082
img_00948.jpg,0.934577638933237,0.00934605158096613,0.00934605158096613,0.00934605158096613,0.00934605158096613,0.00934605158096613,0.00934605158096613,0.00934605158096613
img_00950.jpg,0.9345777774228394,0.009346031796737214,0.009346031796737214,0.009346031796737214,0.009346031796737214,0.009346031796737214,0.009346031796737214,0.009346031796737214
img_00959.jpg,0.009350417092119007,0.9345470803551669,0.009350417092119007,0.009350417092119007,0.009350417092119007,0.009350417092119007,0.009350417092119007,0.009350417092119007
img_00962.jpg,0.030854258226010543,0.4412844039082811,0.009535561323857104,0.009535561323857104,0.009535561323857104,0.009535561323857104,0.009535561323857104,0.4801835312464228
img_00964.jpg,0.009347902818177949,0.009347902818177949,0.009347902818177949,0.9345646802727543,0.009347902818177949,0.009347902818177949,0.009347902818177949,0.009347902818177949
img_00966.jpg,0.7454092615501752,0.12384061347660674,0.009693915197608656,0.009693915197608656,0.009693915197608656,0.07982958015455308,0.009693915197608656,0.012144884028230376
img_00974.jpg,0.009349485413110295,0.9345536021082279,0.009349485413110295,0.009349485413110295,0.009349485413110295,0.009349485413110295,0.009349485413110295,0.009349485413110295
img_00979.jpg,0.00935571524558864,0.00935571524558864,0.00935571524558864,0.00935571524558864,0.00935571524558864,0.00935571524558864,0.00935571524558864,0.9345099932808795
img_00982.jpg,0.8240041946676198,0.11935834006765966,0.00943957754412008,0.00943957754412008,0.00943957754412008,0.00943957754412008,0.00943957754412008,0.00943957754412008
img_00985.jpg,0.02481357137683432,0.9185651775478565,0.009436875179218193,0.009436875179218193,0.009436875179218193,0.009436875179218193,0.009436875179218193,0.009436875179218193
img_00999.jpg,0.009350269616014534,0.9345481126878982,0.009350269616014534,0.009350269616014534,0.009350269616014534,0.009350269616014534,0.009350269616014534,0.009350269616014534
img_01022.jpg,0.00935070371976293,0.9345450739616594,0.00935070371976293,0.00935070371976293,0.00935070371976293,0.00935070371976293,0.00935070371976293,0.00935070371976293
img_01031.jpg,0.009857087761639955,0.9323983111840235,0.009527447751016131,0.009527447751016131,0.009527447751016131,0.010107362299255792,0.009527447751016131,0.009527447751016131
img_01035.jpg,0.009346589952397974,0.009346589952397974,0.009346589952397974,0.009346589952397974,0.009346589952397974,0.9345738703332142,0.009346589952397974,0.009346589952397974
img_01043.jpg,0.6930416412491137,0.2500959379301326,0.009477070136792281,0.009477070136792281,0.009477070136792281,0.009477070136792281,0.009477070136792281,0.009477070136792281
img_01058.jpg,0.01313866907996095,0.9302529548713805,0.009434729341443092,0.009434729341443092,0.009434729341443092,0.009434729341443092,0.009434729341443092,0.009434729341443092
img_01059.jpg,0.00934622860147873,0.00934622860147873,0.00934622860147873,0.00934622860147873,0.00934622860147873,0.00934622860147873,0.00934622860147873,0.9345763997896488
img_01090.jpg,0.9345792789040476,0.009345817299421768,0.009345817299421768,0.009345817299421768,0.009345817299421768,0.009345817299421768,0.009345817299421768,0.009345817299421768
img_01102.jpg,0.014823090469023763,0.009707807190449485,0.03168238673726261,0.009707807190449485,0.012425338314229328,0.009707807190449485,0.009707807190449485,0.9022379557176863
img_01103.jpg,0.009521619215012881,0.009521619215012881,0.009521619215012881,0.009521619215012881,0.009521619215012881,0.009521619215012881,0.009521619215012881,0.9333486654949098
img_01116.jpg,0.03339079510726485,0.45099485917145676,0.009524893410969574,0.009524893410969574,0.009524893410969574,0.4679898786664305,0.009524893410969574,0.009524893410969574
img_01134.jpg,0.009365025130464893,0.9344448240867457,0.009365025130464893,0.009365025130464893,0.009365025130464893,0.009365025130464893,0.009365025130464893,0.009365025130464893
img_01142.jpg,0.9345794028096125,0.009345799598626777,0.009345799598626777,0.009345799598626777,0.009345799598626777,0.009345799598626777,0.009345799598626777,0.009345799598626777
img_01168.jpg,0.04471079571286057,0.00953935687216902,0.00953935687216902,0.00953935687216902,0.00953935687216902,0.36434063107150594,0.5432517888547883,0.00953935687216902
img_01171.jpg,0.9345793517897308,0.0093458068871813,0.0093458068871813,0.0093458068871813,0.0093458068871813,0.0093458068871813,0.0093458068871813,0.0093458068871813
img_01177.jpg,0.9345224406217635,0.009353937054033779,0.009353937054033779,0.009353937054033779,0.009353937054033779,0.009353937054033779,0.009353937054033779,0.009353937054033779
img_01179.jpg,0.009362152951433705,0.9344649293399641,0.009362152951433705,0.009362152951433705,0.009362152951433705,0.009362152951433705,0.009362152951433705,0.009362152951433705
img_01188.jpg,0.00934993820259169,0.00934993820259169,0.00934993820259169,0.00934993820259169,0.00934993820259169,0.9345504325818581,0.00934993820259169,0.00934993820259169
img_01198.jpg,0.49505090955067715,0.43647626412391954,0.00959086624923388,0.00959086624923388,0.02051849507923388,0.00959086624923388,0.00959086624923388,0.00959086624923388
img_01204.jpg,0.9345794100981605,0.009345798557405631,0.009345798557405631,0.009345798557405631,0.009345798557405631,0.009345798557405631,0.009345798557405631,0.009345798557405631
img_01208.jpg,0.9345778138673743,0.009346026590375103,0.009346026590375103,0.009346026590375103,0.009346026590375103,0.009346026590375103,0.009346026590375103,0.009346026590375103
img_01211.jpg,0.009480528981317113,0.9050238191699238,0.03809300694217348,0.009480528981317113,0.009480528981317113,0.009480528981317113,0.009480528981317113,0.009480528981317113
img_01213.jpg,0.009454483536101177,0.9336735396516056,0.009599559131787302,0.009454483536101177,0.009454483536101177,0.009454483536101177,0.009454483536101177,0.009454483536101177
img_01222.jpg,0.00936059896778243,0.9344758072255229,0.00936059896778243,0.00936059896778243,0.00936059896778243,0.00936059896778243,0.00936059896778243,0.00936059896778243
img_01224.jpg,0.009367725937483497,0.009367725937483497,0.009367725937483497,0.009367725937483497,0.009367725937483497,0.009367725937483497,0.009367725937483497,0.9344259184376155
img_01237.jpg,0.9345776316442943,0.009346052622243658,0.009346052622243658,0.009346052622243658,0.009346052622243658,0.009346052622243658,0.009346052622243658,0.009346052622243658
img_01249.jpg,0.9345327374108083,0.009352466084170223,0.009352466084170223,0.009352466084170223,0.009352466084170223,0.009352466084170223,0.009352466084170223,0.009352466084170223
img_01253.jpg,0.009346492062069722,0.009346492062069722,0.009346492062069722,0.009346492062069722,0.009346492062069722,0.009346492062069722,0.009346492062069722,0.9345745555655119
img_01286.jpg,0.015405948890572112,0.00950039057260843,0.00950039057260843,0.00950039057260843,0.00950039057260843,0.00950039057260843,0.00950039057260843,0.9275917076737773
img_01289.jpg,0.009346451448599207,0.009346451448599207,0.009346451448599207,0.009346451448599207,0.009346451448599207,0.009346451448599207,0.009346451448599207,0.9345748398598055
img_01325.jpg,0.9345788051431476,0.009345884979550328,0.009345884979550328,0.009345884979550328,0.009345884979550328,0.009345884979550328,0.009345884979550328,0.009345884979550328
img_01328.jpg,0.009362543226021498,0.9344621974178494,0.009362543226021498,0.009362543226021498,0.009362543226021498,0.009362543226021498,0.009362543226021498,0.009362543226021498
img_01366.jpg,0.22776916095552543,0.009451484782298982,0.009451484782298982,0.009451484782298982,0.009451484782298982,0.7155219303506806,0.009451484782298982,0.009451484782298982
img_01371.jpg,0.009373005503517518,0.9343889614753773,0.009373005503517518,0.009373005503517518,0.009373005503517518,0.009373005503517518,0.009373005503517518,0.009373005503517518
img_01373.jpg,0.9345248645459492,0.009353590779150113,0.009353590779150113,0.009353590779150113,0.009353590779150113,0.009353590779150113,0.009353590779150113,0.009353590779150113
img_01377.jpg,0.6240435345792482,0.2825071450486071,0.011163841586951467,0.009758982119637695,0.009758982119637695,0.013694659622134392,0.009758982119637695,0.039313872804145736
img_01379.jpg,0.009399430185271684,0.9342039887030982,0.009399430185271684,0.009399430185271684,0.009399430185271684,0.009399430185271684,0.009399430185271684,0.009399430185271684
img_01384.jpg,0.00945859236277092,0.01621853992429286,0.00945859236277092,0.00945859236277092,0.00945859236277092,0.9270299058990816,0.00945859236277092,0.00945859236277092
img_01388.jpg,0.009350331107252344,0.9345476822492336,0.009350331107252344,0.009350331107252344,0.009350331107252344,0.009350331107252344,0.009350331107252344,0.009350331107252344
img_01392.jpg,0.009348429422115383,0.009348429422115383,0.009348429422115383,0.9345609940451922,0.009348429422115383,0.009348429422115383,0.009348429422115383,0.009348429422115383
img_01399.jpg,0.009358501516461582,0.009358501516461582,0.9344904893847689,0.009358501516461582,0.009358501516461582,0.009358501516461582,0.009358501516461582,0.009358501516461582
img_01404.jpg,0.009346144255574604,0.9345769902109777,0.009346144255574604,0.009346144255574604,0.009346144255574604,0.009346144255574604,0.009346144255574604,0.009346144255574604
img_01405.jpg,0.00935810688090213,0.934493251833685,0.00935810688090213,0.00935810688090213,0.00935810688090213,0.00935810688090213,0.00935810688090213,0.00935810688090213
img_01413.jpg,0.00935459525558835,0.9345178332108814,0.00935459525558835,0.00935459525558835,0.00935459525558835,0.00935459525558835,0.00935459525558835,0.00935459525558835
img_01426.jpg,0.009462157150763513,0.009462157150763513,0.009462157150763513,0.009462157150763513,0.009462157150763513,0.018607815860728585,0.9246192412346903,0.009462157150763513
img_01431.jpg,0.009358811610608751,0.009358811610608751,0.009358811610608751,0.009358811610608751,0.9344883187257387,0.009358811610608751,0.009358811610608751,0.009358811610608751
img_01441.jpg,0.009349194692236553,0.009349194692236553,0.009349194692236553,0.009349194692236553,0.009349194692236553,0.009349194692236553,0.009349194692236553,0.9345556371543441
img_01444.jpg,0.009372416438712493,0.009372416438712493,0.009372416438712493,0.009372416438712493,0.009372416438712493,0.009372416438712493,0.009372416438712493,0.9343930849290125
img_01490.jpg,0.00934696591197341,0.00934696591197341,0.00934696591197341,0.00934696591197341,0.00934696591197341,0.00934696591197341,0.00934696591197341,0.9345712386161861
img_01495.jpg,0.009565588657424375,0.3371903846054683,0.6054160834499854,0.009565588657424375,0.009565588657424375,0.009565588657424375,0.009565588657424375,0.009565588657424375
img_01505.jpg,0.9345793882325115,0.009345801681069767,0.009345801681069767,0.009345801681069767,0.009345801681069767,0.009345801681069767,0.009345801681069767,0.009345801681069767
img_01511.jpg,0.009364782578537184,0.9344465219502397,0.009364782578537184,0.009364782578537184,0.009364782578537184,0.009364782578537184,0.009364782578537184,0.009364782578537184
img_01519.jpg,0.009426088487615131,0.934017380586694,0.009426088487615131,0.009426088487615131,0.009426088487615131,0.009426088487615131,0.009426088487615131,0.009426088487615131
img_01530.jpg,0.01971362534232199,0.009504344408780941,0.9232603082049923,0.009504344408780941,0.009504344408780941,0.009504344408780941,0.009504344408780941,0.009504344408780941
img_01537.jpg,0.11951090644043783,0.02317514006767159,0.009578527220117391,0.009578527220117391,0.009578527220117391,0.8094213173913036,0.009578527220117391,0.009578527220117391
img_01538.jpg,0.009346382718914713,0.934575320967597,0.009346382718914713,0.009346382718914713,0.009346382718914713,0.009346382718914713,0.009346382718914713,0.009346382718914713
img_01541.jpg,0.9345794319637949,0.009345795433743583,0.009345795433743583,0.009345795433743583,0.009345795433743583,0.009345795433743583,0.009345795433743583,0.009345795433743583
img_01543.jpg,0.009357183584616778,0.9344997149076825,0.009357183584616778,0.009357183584616778,0.009357183584616778,0.009357183584616778,0.009357183584616778,0.009357183584616778
img_01548.jpg,0.009349843368482734,0.9345510964206208,0.009349843368482734,0.009349843368482734,0.009349843368482734,0.009349843368482734,0.009349843368482734,0.009349843368482734
img_01552.jpg,0.009471860162822778,0.9152018922253234,0.009471860162822778,0.009471860162822778,0.009471860162822778,0.027966946797739797,0.009471860162822778,0.009471860162822778
img_01561.jpg,0.934579125843584,0.009345839165202268,0.009345839165202268,0.009345839165202268,0.009345839165202268,0.009345839165202268,0.009345839165202268,0.009345839165202268
img_01562.jpg,0.009351390655342125,0.934540265412605,0.009351390655342125,0.009351390655342125,0.009351390655342125,0.009351390655342125,0.009351390655342125,0.009351390655342125
img_01571.jpg,0.009361557414373743,0.9344690980993837,0.009361557414373743,0.009361557414373743,0.009361557414373743,0.009361557414373743,0.009361557414373743,0.009361557414373743
img_01593.jpg,0.009364330963597756,0.9344496832548157,0.009364330963597756,0.009364330963597756,0.009364330963597756,0.009364330963597756,0.009364330963597756,0.009364330963597756
img_01595.jpg,0.7912287016461251,0.009457673657485486,0.009457673657485486,0.009457673657485486,0.009457673657485486,0.009457673657485486,0.009457673657485486,0.15202525640896186
img_01616.jpg,0.009349302017192182,0.9345548858796546,0.009349302017192182,0.009349302017192182,0.009349302017192182,0.009349302017192182,0.009349302017192182,0.009349302017192182
img_01618.jpg,0.016147091043142794,0.9272136091092488,0.009439883307934733,0.009439883307934733,0.009439883307934733,0.009439883307934733,0.009439883307934733,0.009439883307934733
img_01627.jpg,0.009396118494325454,0.9342271705397218,0.009396118494325454,0.009396118494325454,0.009396118494325454,0.009396118494325454,0.009396118494325454,0.009396118494325454
img_01632.jpg,0.9321769008568866,0.01120365157594702,0.009436574594527718,0.009436574594527718,0.009436574594527718,0.009436574594527718,0.009436574594527718,0.009436574594527718
img_01633.jpg,0.009356649210322358,0.9345034555277434,0.009356649210322358,0.009356649210322358,0.009356649210322358,0.009356649210322358,0.009356649210322358,0.009356649210322358
img_01640.jpg,0.009439660124290074,0.9287674381796565,0.009439660124290074,0.009439660124290074,0.009439660124290074,0.009439660124290074,0.009439660124290074,0.014594601074603069
img_01646.jpg,0.009346317634918036,0.9345757765555737,0.009346317634918036,0.009346317634918036,0.009346317634918036,0.009346317634918036,0.009346317634918036,0.009346317634918036
img_01647.jpg,0.9345792643268914,0.009345819381872645,0.009345819381872645,0.009345819381872645,0.009345819381872645,0.009345819381872645,0.009345819381872645,0.009345819381872645
img_01649.jpg,0.0509599638461511,0.8924126598669376,0.009437896047818545,0.009437896047818545,0.009437896047818545,0.009437896047818545,0.009437896047818545,0.009437896047818545
img_01657.jpg,0.009352617279162357,0.009352617279162357,0.009352617279162357,0.9345316790458634,0.009352617279162357,0.009352617279162357,0.009352617279162357,0.009352617279162357
img_01669.jpg,0.009360481460590254,0.009360481460590254,0.009360481460590254,0.009360481460590254,0.9344766297758682,0.009360481460590254,0.009360481460590254,0.009360481460590254
img_01673.jpg,0.009368642944976214,0.9344194993851664,0.009368642944976214,0.009368642944976214,0.009368642944976214,0.009368642944976214,0.009368642944976214,0.009368642944976214
img_01681.jpg,0.009363191143229256,0.009363191143229256,0.009363191143229256,0.009363191143229256,0.009363191143229256,0.009363191143229256,0.009363191143229256,0.9344576619973951
img_01684.jpg,0.009353647099222668,0.9345244703054413,0.009353647099222668,0.009353647099222668,0.009353647099222668,0.009353647099222668,0.009353647099222668,0.009353647099222668
img_01685.jpg,0.9345762977404378,0.009346243179937451,0.009346243179937451,0.009346243179937451,0.009346243179937451,0.009346243179937451,0.009346243179937451,0.009346243179937451
img_01687.jpg,0.009370416265516884,0.9344070861413818,0.009370416265516884,0.009370416265516884,0.009370416265516884,0.009370416265516884,0.009370416265516884,0.009370416265516884
img_01688.jpg,0.009346390008378785,0.009346390008378785,0.009346390008378785,0.009346390008378785,0.009346390008378785,0.009346390008378785,0.009346390008378785,0.9345752699413484
img_01689.jpg,0.009349644848362527,0.009349644848362527,0.009349644848362527,0.009349644848362527,0.009349644848362527,0.009349644848362527,0.009349644848362527,0.9345524860614622
img_01716.jpg,0.9345794319637949,0.009345795433743583,0.009345795433743583,0.009345795433743583,0.009345795433743583,0.009345795433743583,0.009345795433743583,0.009345795433743583
img_01717.jpg,0.9345749273344757,0.009346438952217751,0.009346438952217751,0.009346438952217751,0.009346438952217751,0.009346438952217751,0.009346438952217751,0.009346438952217751
