image,NoF,ALB,BET,DOL,LAG,OTHER,SHARK,YFT
img_00005.jpg,0.998862958861455,0.0003309502556399953,6.746198295427124e-05,0.00016772180155384708,0.00011248367523081107,6.36035770996015e-05,9.675797341830017e-05,0.0002980618726481009
img_00007.jpg,0.006146567150513518,0.01068697978039052,0.0071399748722326024,0.0014612400714148523,0.0008709500429398898,0.00028604730098573356,0.002399388519929584,0.9710088522615932
img_00009.jpg,0.004639728064844213,0.9829299336166794,0.008901306671850967,0.00013462581593436587,0.00012848143302130542,0.0026424240677131224,0.00014257702619210148,0.0004809233037646466
img_00018.jpg,0.00480497087289457,0.9716931502293497,0.01039829062153468,0.0009356831244302992,0.0005338376126000504,0.008094480753305749,0.0006984678641967488,0.0028411189216880264
img_00027.jpg,0.013693840289062198,0.8302698459984562,0.058683765554228495,0.008664550167696326,0.004056952822863539,0.06408335023560514,0.004816885559649022,0.015730809372439
img_00030.jpg,0.9746929075703887,0.01586391147225371,0.0009138454482076734,0.0011856687297231233,0.0016855994046397172,0.0015324566577120421,0.0009641410867720798,0.003161469630302681
img_00040.jpg,0.06438411853819795,0.005375486455829853,0.001030632018710567,0.013145550715743557,0.0017234398882995142,0.05726348662215584,0.8503548234171573,0.00672246234390538
img_00046.jpg,0.9965792516157562,0.0021041436109378317,9.515363075457879e-05,0.00017384754104458812,0.0002922878875354365,0.0002843445994249603,0.00020845741187227617,0.00026251370267404506
img_00053.jpg,0.02959823321785984,0.9441960219911816,0.004069081210562279,0.0004638745422969243,0.001287526206637469,0.018315473356422272,0.0005673097968172351,0.0015024796782223534
img_00071.jpg,0.07960272025683367,0.011070241766642553,0.028129225830976875,0.0072527707445083425,0.8293788010629205,0.020123077003290135,0.007751130981529594,0.01669203235329845
img_00075.jpg,0.008830160302717816,0.9511265159621112,0.01674945675775553,0.0005877142884539536,0.0009537325516477802,0.004074884949824296,0.0005989786770042436,0.017078556510485007
img_00102.jpg,0.016589383757438063,0.4857087869753943,0.003869207607546898,0.002815471053520132,0.0007393458609213147,0.0018053659394472053,0.002264097875071307,0.48620834093066084
img_00103.jpg,0.003837063608267524,0.9841567940605169,0.005627461470996797,0.00022073188479544372,0.0004750472267252879,0.004013121875585327,0.000433438917941096,0.001236340955171488
img_00109.jpg,0.011164195571980782,0.9844802148047948,0.0010417483058867446,0.00016408885259875226,0.00025105908818475885,0.0017584687734109726,0.00026255839411950345,0.0008776662090237283
img_00119.jpg,0.9997708255125342,8.871470836775554e-05,1.155654631211742e-05,1.875440681009629e-05,4.831379586083166e-05,1.6198606916805064e-05,1.8298914461675186e-05,2.7337508736636184e-05
img_00120.jpg,0.013836034500294022,0.9747275118522997,0.002699786385331141,0.00045513065324868284,0.0005541680795728897,0.0022499679129363856,0.0005470126998519846,0.004930387916465176
img_00125.jpg,0.007666163632248325,0.9773059381111378,0.009216728640119456,0.00020726928752380438,0.0004555577136359723,0.002455995104546442,0.0004376768573046933,0.002254670653483444
img_00128.jpg,0.02774707995338648,0.007015117006332296,0.010400876655328633,0.006856211160486031,0.0003827205571159809,0.001177569382354034,0.0048026908117333005,0.9416177344732631
img_00129.jpg,0.06663223805124224,0.04584029220149189,0.015111509811302002,0.06890515094739015,0.005632470641526702,0.061044776007367615,0.1616661795865428,0.5751673827531366
img_00133.jpg,0.9678359054714015,0.027990128366396715,0.00014363165281521066,0.00039924972591330094,0.0004914597564732724,0.0006077354915419476,0.00019928872751731535,0.0023326008079407328
img_00138.jpg,0.03904037480716812,0.8659402970469837,0.017282096161198558,0.004303569290892844,0.0038409852641702294,0.010720980558617752,0.0031558966696201094,0.05571580020134869
img_00141.jpg,0.004674069435799089,0.001425438190855858,0.01068624049697479,0.0013369527383883236,0.0003947697945974371,0.00012975166436402546,0.0007880084349153988,0.9805647692441049
img_00152.jpg,0.024571117604541788,0.5919187224890261,0.026100874336159385,0.005267298715111667,0.004371985748261714,0.006518899030370423,0.008404189007381236,0.33284691306914765
img_00161.jpg,0.00501750458433097,0.0003264791778562609,0.000366326007474214,0.0003853395919615705,6.109537479142208e-05,1.7590222312752475e-05,0.0006258493959995752,0.9931998156452733
img_00164.jpg,0.9973545046557415,0.001117363790388103,7.381160877084289e-05,0.00021705613352661883,0.0002912111313335367,0.0002858808873136163,0.00023467259709487932,0.00042549919583103317
img_00170.jpg,0.07372286764666752,0.19217356315958312,0.4454709706592958,0.015008772653159063,0.10680261462220797,0.02617092191842307,0.012624491254096714,0.12802579808656678
img_00171.jpg,0.5827734576949863,0.021811352601253563,0.0033914242480934473,0.0071558428076406435,0.002948958473045841,0.3739798861793477,0.0029115074834076653,0.005027570512224748
img_00172.jpg,0.9756178737720653,0.020948770303876162,0.00014770388252734,0.0003318607734122074,0.0003505765911623999,0.0008302135339326523,0.0005398350654746964,0.0012331660775490552
img_00175.jpg,0.491972793030749,0.02746815499361216,0.006371903255592713,0.021122001902821427,0.005417774801123752,0.41353104352553927,0.0059267848677189575,0.028189543622842834
img_00180.jpg,0.03948622392644917,0.0015037219198039881,0.0008840733885416915,0.002274270344451846,0.0006567499338142595,0.00018116889556713382,0.0013337720937208449,0.953680019497651
img_00196.jpg,0.99969867472602,0.00011522213134311336,1.484199891083346e-05,2.5094867250840014e-05,6.09294433366867e-05,2.1818078845856195e-05,2.5476961872150666e-05,3.7941792420563115e-05
img_00212.jpg,0.011514741182528893,0.018944929588568565,0.006776612356834413,0.0029710314842929415,0.0027784005692542417,0.0006443691294380408,0.003929119205570925,0.952440796483512
img_00223.jpg,0.026723064194705454,0.9071210054026677,0.008899461747140115,0.004380180894102298,0.0041352132255146725,0.01396036602999659,0.006949172232687285,0.02783153627318581
img_00230.jpg,0.008842617640719787,0.9869543425986201,0.002532848374705557,9.427443921954337e-05,0.0001259967449987784,0.000939166150379405,9.092225257736786e-05,0.000419831798779645
img_00232.jpg,0.02698062614703928,0.003373567220346109,0.0037536243145588834,0.002755868562539671,0.0005350574910880261,0.01680173432765435,0.9389449337529677,0.006854588183806072
img_00244.jpg,0.02477569821442385,0.9570846369021637,0.013707180706852002,0.00011806392604235617,0.0005096686294178901,0.0025288849496544526,0.0002452323445585063,0.0010306343268871082
img_00272.jpg,0.06280358871341131,0.9024211637789654,0.007814104975774068,0.0021143050415749287,0.0037767342308447373,0.01087831570766553,0.0038447869243223827,0.006347000627441567
img_00280.jpg,0.0401921777220681,0.9298294182011113,0.0034498991053979865,0.0017876233548324353,0.0014556060778293507,0.00361161270595445,0.0018336622461255438,0.01784000058668069
img_00282.jpg,0.1146593529231432,0.03135214041721942,0.008321864389742339,0.007973332394177593,0.0030673547012424977,0.8243323833057021,0.004058679009907265,0.0062348928588654914
img_00285.jpg,0.018868462564360217,0.8940078525037151,0.011665773029867063,0.001708421770391025,0.0015824908619626857,0.004514717156196401,0.0024687607285606896,0.06518352138494674
img_00289.jpg,0.10500752775233042,0.8753478612341105,0.006234254717677823,0.000780974574876462,0.0008497364319700571,0.002026321175750597,0.0010760465262833116,0.008677277587000825
img_00292.jpg,0.020249188918680674,0.9704599378249971,0.002415111851698924,0.00033989623794888354,0.0002905623373884457,0.00445168607756687,0.0003940529389640397,0.001399563812755171
img_00302.jpg,0.06582062171111937,0.008558486696913782,0.0018700593330474333,0.02045885392282551,0.002962575263594954,0.08580954118741048,0.8046106021593654,0.00990925972572327
img_00311.jpg,0.008744217313574337,0.923087424636948,0.003972256072898155,0.000516138564123309,0.0005863620422482102,0.001192801275792297,0.0005931524764181823,0.06130764761799751
img_00320.jpg,0.006346380796028569,0.9713801692963894,0.00539007679277931,0.0006301308703568156,0.0007663234375281106,0.01225541578577573,0.0010110634957359909,0.0022204395254061646
img_00331.jpg,0.029466206143599922,0.6959761049940425,0.014919993202441318,0.005996936654007592,0.005014122533836339,0.07908340390737585,0.13725940662731195,0.0322838259373845
img_00358.jpg,0.14968958375690178,0.3916581485383467,0.01844914959675771,0.007502792404597283,0.001461581091921999,0.0044271125776202775,0.005748117825801657,0.42106351420805266
img_00374.jpg,0.03361674462369405,0.9203878562964467,0.009824120104433958,0.0010955155050605726,0.0018789148496938272,0.003204698131967172,0.0021102452654369326,0.027881905223266844
img_00375.jpg,0.04146561778364876,0.0011500634544021062,0.015826300897861807,0.8941571015878077,0.0012796712071511769,0.03510727089678027,0.002894809183447035,0.008119164988901088
img_00376.jpg,0.01645633018965175,0.9710519619777784,0.002587687214920307,0.0004319848280968151,0.0007368692824676718,0.0037224475468758973,0.0017876823468882086,0.0032250366133208704
img_00380.jpg,0.014205512465379072,0.9652925828722879,0.007725086854217675,0.0005910088535996793,0.0009807641099637808,0.0026658610286571607,0.000747786151280667,0.007791397664614158
img_00383.jpg,0.003006395823779513,0.9957333899005391,0.0005194593126890942,2.0272511882980164e-05,4.695995743865449e-05,0.0003871624827425382,4.1591679767079115e-05,0.00024476833116114915
img_00398.jpg,0.017507954054363624,0.9749568880039119,0.003735079597260269,0.00011328378081017092,0.00018569341556973326,0.0008272997382592055,0.00014082080735269422,0.002532980602472414
img_00407.jpg,0.013467445710710315,0.9759025865772724,0.001899387188938013,0.00034834101604459453,0.00042518456418947454,0.002589733361771155,0.0006090340776060677,0.004758287503467832
img_00417.jpg,0.015174513744620172,0.004928138041439448,0.006901490284102597,0.0022238188267455694,0.001492916809202929,0.00031321441904076343,0.002372629360409957,0.9665932785144388
img_00432.jpg,0.09686922162732911,0.8600338968260732,0.0019832584190806225,0.001974562044945581,0.0008391426804196202,0.030165290818437905,0.0008913780724501648,0.007243249511263779
img_00442.jpg,0.0064012265485522335,0.002008404616785545,0.002533391900163915,0.0007082024022327349,0.00024920820654180623,7.762925623000767e-05,0.00060282502344894,0.9874191120460448
img_00446.jpg,0.013344106756394854,0.9564623314440354,0.01319331902872784,0.0004239043015430438,0.0017431349671752372,0.005268199578094775,0.0012848471537739636,0.00828015677025492
img_00469.jpg,0.004145609752497723,0.9737578635816843,0.011254987312422617,0.00035502346840546187,0.0006145193278312074,0.00755838663057047,0.0005728142771038698,0.0017407956494842826
img_00473.jpg,0.007029285870877358,0.9824684090097586,0.0021649477856562306,0.00022348484522856252,0.00044178361342222714,0.0019319651334874012,0.0005906090382684063,0.005149514703301197
img_00483.jpg,0.03864077786089285,0.8130548072682091,0.11706390845713995,0.000655588726533981,0.000688643793592678,0.003328105568538635,0.0024158502155500598,0.024152318109542763
img_00484.jpg,0.021148368367868903,0.012838230297065566,0.017803141351412262,0.0018369322435058293,0.0016086617507659832,0.0005353872544553456,0.0021485678550564437,0.9420807108798696
img_00486.jpg,0.2254464892012084,0.41188803970465965,0.03414878891141754,0.016311634901602454,0.1718310646262439,0.029942614808837878,0.016697922469917723,0.09373344537611243
img_00487.jpg,0.4628635120493184,0.04633421547042369,0.03220392318505494,0.045715410258060245,0.22104008058469368,0.0658792706394375,0.03532795635484909,0.09063563145816235
img_00493.jpg,0.9983928042052727,0.0004947390805366215,6.863346577250881e-05,0.00022739891662898698,0.00022961224637915386,0.00018750798208079788,0.0001646358951232319,0.00023466820820603504
img_00518.jpg,0.01003791807008726,0.9800973997032063,0.001259175553451404,0.0001731792172586633,0.0002487185870499469,0.0007546518228929898,0.0003663598977643183,0.00706259714828916
img_00533.jpg,0.02000001855332423,0.46721154873845744,0.03480221698772131,0.00926041317099533,0.0016211164578831603,0.0031569976448140354,0.00555489767360229,0.4583927907732023
img_00538.jpg,0.010605227044654374,0.9788335288318684,0.004351868814910476,0.00030375304659339345,0.00048109130113920424,0.0013630605235749895,0.00030986063609095277,0.0037516098011684527
img_00543.jpg,0.012195714304529925,0.8839579309775927,0.004374184119166578,0.0006291139019172351,0.0006184078368876046,0.0009728401248351063,0.0006158007614488696,0.09663600797362203
img_00550.jpg,0.06603607689119013,0.8986171858256554,0.0017971558657437514,0.001651249829445427,0.0007901615017971952,0.024442208257075246,0.0010471339783114976,0.0056188278507814235
img_00551.jpg,0.08773730778939498,0.5487311992977851,0.012548376930278549,0.005735307049766339,0.006300918620403964,0.006685316435135717,0.008200629741860714,0.3240609441353745
img_00564.jpg,0.9963834386846643,0.0014639828504865971,0.00020427489408942115,0.00035949302485096206,0.0004502592567636487,0.0002715387047308799,0.0002745088686538581,0.0005925037157603817
img_00575.jpg,0.025620504202591356,0.8248831851825922,0.011382149525136954,0.0025790820070097113,0.002022261965303811,0.004894287559410322,0.0025763352581491114,0.1260421942998066
img_00582.jpg,0.018097954001167114,0.9478724766775182,0.008448126922322111,0.0006724618261703699,0.002079958604861549,0.004768375153099755,0.0007720093449729483,0.017288637469888
img_00584.jpg,0.012279054264796013,0.9735672744061485,0.0014241042892083064,0.00016510020731578932,0.00023445324638824702,0.000768314065625177,0.0002623658982548473,0.011299333622262963
img_00587.jpg,0.0066954414986806505,0.010296931185555934,0.01703742850558697,0.005072250937718589,0.0008761763720286896,0.001079345301220219,0.0027535968271356387,0.9561888293720734
img_00590.jpg,0.06817187041014658,0.07120752605641496,0.010132107584720476,0.0012831660645055351,0.0006591920126196082,0.0006014387813472107,0.0010181502338507695,0.8469265488563948
img_00591.jpg,0.07820170134083604,0.3850189863691392,0.0062378116674065036,0.004897697469034271,0.003294606577230216,0.07882188094621798,0.01060528506091675,0.43292203056921896
img_00598.jpg,0.002649326145912451,0.9947205594397213,0.0008004600473534827,7.353480854262858e-05,0.00014977963331664997,0.0010377383765234685,9.458946698060578e-05,0.0004740120816492331
img_00599.jpg,0.04707690130636445,0.15972309817211827,0.013966175098347956,0.007443021422487841,0.002709087578052469,0.004252596954513509,0.009840538857554768,0.7549885806105607
img_00612.jpg,0.044676505702731045,0.938357707935672,0.0029523533297727586,0.0008736938222979796,0.0009488199419260893,0.004240536224333948,0.0012179711501271845,0.0067324118931391674
img_00618.jpg,0.9610029763385938,0.03166186161468724,0.0006706910102625841,0.000932914484529729,0.0010377172396854564,0.0012895736105057133,0.0006570532320478331,0.0027472124696875226
img_00620.jpg,0.12863047735914154,0.25590048190305087,0.044987370855224404,0.012649371967165417,0.006592370225095258,0.007891366555470555,0.004551239793743613,0.5387973213411084
img_00642.jpg,0.028519623369521206,0.0076270186375260686,0.049224196956367365,0.005315689349160063,0.8459773541219249,0.012355301811114692,0.006005763880255296,0.04497505187413061
img_00646.jpg,0.010709249364623578,0.0011232371220330588,0.0011954698835739805,0.002756363706333648,0.0003077598308118281,0.0002618816136832223,0.0036811269623770633,0.9799649115165635
img_00648.jpg,0.013171448236699076,0.8209319512103468,0.004722517395080032,0.0009531957100868439,0.0009408917213602564,0.0015435187505311455,0.0009863922338835655,0.1567500847420122
img_00650.jpg,0.09521770313728237,0.10313966074380607,0.009242303540038958,0.027347608867164634,0.004780282071151591,0.03348567053818454,0.13588357875122886,0.590903192351143
img_00654.jpg,0.023475609038227478,0.9567759662752814,0.0027637387128666598,0.0004973972998618438,0.000704522048303788,0.0017026553663979428,0.0005220931274658726,0.013558018131594962
img_00664.jpg,0.016586550044434697,0.9599574508751401,0.007519501899762816,0.0007285722034818331,0.0006634737985467433,0.01086802692464383,0.0008622339221159097,0.002814190331873963
img_00667.jpg,0.9996813595344302,0.00010923064841091897,1.771706378227809e-05,2.8260714394172695e-05,6.925980647819702e-05,2.4838509427858016e-05,2.70691767776677e-05,4.2264546298604776e-05
img_00676.jpg,0.9996776450792574,8.485101851934515e-05,1.5442275612344994e-05,5.11827183352546e-05,5.356000119775623e-05,2.8349616510970336e-05,3.646736579142504e-05,5.250192477547704e-05
img_00697.jpg,0.007717611870554965,0.0005729590369214162,0.0014265939593623004,0.00047354059341453647,0.00015822140570570558,3.606689758577058e-05,0.00043439057611596076,0.9891806156603393
img_00708.jpg,0.010367530397705016,0.9628734123592785,0.010168873416774976,0.0008634003975934945,0.0007185842084420504,0.005570205460927517,0.0009486047291227903,0.008489389030155716
img_00716.jpg,0.014594558523115472,0.05286890438611303,0.006878771063502482,0.012169882017209116,0.0008129461227944656,0.90170453145462,0.008376927110595848,0.002593479322049361
img_00717.jpg,0.0058440044380517996,0.9508876741871266,0.033147662177473884,0.00038203493455572215,0.0006109159734091661,0.0066335696905671865,0.0006213256767826452,0.0018728129220329844
img_00718.jpg,0.01679170828090051,0.96656537006262,0.003813253111166348,0.0004345822727642415,0.0006889281989333417,0.0018938147324686749,0.0005315108950042482,0.009280832446142582
img_00723.jpg,0.9363707007314362,0.04119232048603513,0.0011155540487142997,0.0018729858579317026,0.009259215167116452,0.002974559090250027,0.002034586270393122,0.005180078348122924
img_00724.jpg,0.006649646545335345,0.0014595424979424486,0.0016794468403408787,0.002895210043307289,0.0003826087640557287,0.0002934225531745359,0.009161149136676263,0.9774789736191676
img_00726.jpg,0.006210810005471982,0.9802186380035698,0.007903538715757347,0.00015796016711974758,0.00018544186386292935,0.004063569079863627,0.00033061424184924345,0.0009294279225052559
img_00729.jpg,0.046186795142417365,0.5305204349138448,0.02348941311744565,0.02264765152480884,0.009824513689518087,0.1445692999344276,0.07334299620539804,0.14941889547213955
img_00730.jpg,0.1179030046925271,0.5188591028189222,0.0022042988467991763,0.0014764614432571997,0.001444771932665925,0.005338294083047459,0.001764383357374454,0.3510096828254064
img_00757.jpg,0.01873726198593786,0.9677626036870433,0.0028557530782895514,0.0006329074878361408,0.0010832327696478077,0.0036274243872978615,0.0009846174481622165,0.004316199155785356
img_00760.jpg,0.059525364728401524,0.007693094664769556,0.019574576567869068,0.003961386381365284,0.8796421116170436,0.014777201809936137,0.005331499331818064,0.00949476489879671
img_00763.jpg,0.9989311885098822,0.0003508704779297925,4.2722642832739413e-05,0.00017545980219424456,0.00010555262740341958,0.00013567546269149515,8.22973438816412e-05,0.00017623313318432734
img_00764.jpg,0.011181415699823866,0.0014083002730845172,0.0015841709263037633,0.0010655383518078047,0.0002973905607839817,8.915045819794856e-05,0.0007471669452113137,0.9836268667847868
img_00765.jpg,0.06435539300790075,0.08164453593804775,0.05241842641225686,0.02471620203997745,0.009447338463509357,0.664962866424288,0.06568495288056246,0.036770284833457394
img_00772.jpg,0.0657065729491777,0.7949313322202701,0.02236811474408852,0.009703118051220731,0.0028814281912054123,0.01635095160395389,0.004605186979760355,0.08345329526032336
img_00773.jpg,0.022433737661311532,0.9547298627939186,0.0021753489722953303,0.0009533296206043624,0.0013390650270111402,0.005819709380009295,0.0018978109451019427,0.01065113559974782
img_00777.jpg,0.007848157570274046,0.011806052654895085,0.0006606375922005438,0.0015076267187048265,0.00023684425008181704,0.9757350263894378,0.0021561401999370153,4.9514624468880015e-05
img_00780.jpg,0.014760056525124944,0.0023379241475439383,0.005191604628942809,0.0019546448770545104,0.0003815971591832463,0.0002657050884885616,0.0032087131429636632,0.9718997544306983
img_00798.jpg,0.014205584625519664,0.9796952192578131,0.003631778884321314,9.835495211866504e-05,0.00023176951900739852,0.0007976143443527364,0.00014019233806571274,0.0011994860788012655
img_00808.jpg,0.005917796619888279,0.9909893636118965,0.0005651625050046925,0.00013079062232718708,0.0002794394150198647,0.0013329120887089032,0.00012874546179231794,0.0006557896753623242
img_00816.jpg,0.009357371918664328,0.9734827352524614,0.0023309139694088856,0.0002699639131208421,0.00032608491890718784,0.001282236025118871,0.0006381965457926922,0.012312497456525708
img_00828.jpg,0.999169961139636,0.00037909786463214947,2.08581468824976e-05,9.222820543792519e-05,6.91565430335153e-05,5.9168636949910086e-05,5.7357616039149394e-05,0.00015217184738896953
img_00833.jpg,0.014243621752285917,0.8912346395629722,0.03741628440635584,0.00349439341044061,0.0021900230837198146,0.02185020779710974,0.003828698468676642,0.025742131518439258
img_00837.jpg,0.0032926210682142306,0.991558435535728,0.0016944242134939477,0.00017350653180405446,0.00028219671059819375,0.002437849564964749,0.0001553250990245993,0.00040564127617236096
img_00855.jpg,0.011433089657779229,0.9838507597652953,0.0009390999553864933,0.0001524951558186087,0.000250446115403284,0.0020873266367124133,0.00021630306874571365,0.0010704796448588278
img_00857.jpg,0.00414433137053331,0.9911646062338155,0.0020643079410286747,9.664077616546372e-05,0.00011765348785398584,0.001512705412824162,0.00012557533497804777,0.0007741794428008855
img_00858.jpg,0.016793243199298754,0.9768443729013766,0.0011801222147611139,0.0002551588125808266,0.00038871542934470295,0.002695881100351492,0.0003940167936463327,0.0014484895486403142
img_00865.jpg,0.003788700192455723,0.9824283750380708,0.007090078500413514,0.00028042577752810917,0.00038732121514754126,0.004430360487285648,0.0003886189200022021,0.0012061198690964858
img_00876.jpg,0.9997370862889633,8.160652568111175e-05,1.5782904391140003e-05,2.4914374315029627e-05,5.685044820639462e-05,1.9908987308338505e-05,2.4753737270466224e-05,3.9096733864239336e-05
img_00889.jpg,0.93040177439367,0.04285880787545811,0.002952399181759168,0.003123432792342454,0.003863305626986661,0.004394603260366097,0.004416290711804519,0.007989386157612976
img_00894.jpg,0.19116135963782535,0.7709477139552381,0.005536786781795048,0.0025663628989818963,0.002906630067349662,0.005130100192248432,0.004748108240371503,0.01700293822618991
img_00902.jpg,0.010818297448876345,0.006542955844138381,0.005516852746828591,0.0043432936237128555,0.0009630501845953993,0.01888126302623762,0.9357454878168049,0.017188799308806034
img_00914.jpg,0.02547457463950228,0.0002340594581829284,0.0003835942940153471,0.00026295623998427324,5.545959329091762e-05,9.678560815445359e-06,0.00017703243262942348,0.9734026447815793
img_00921.jpg,0.026186167866626336,0.9692062578277977,0.0008416652019230557,0.00021691579458056652,0.00036415655648749533,0.0015751242224715499,0.0002886178634279744,0.0013210946666855226
img_00927.jpg,0.009689510488044846,0.003526236472148731,0.0038192437027021694,0.0027780951026977014,0.0008823668256153563,0.00042513177061791484,0.0014451472141770968,0.977434268423996
img_00943.jpg,0.020075360788550333,0.8266356258982478,0.11997480785493042,0.0011449009300017812,0.0015954564812923732,0.007542523260803944,0.0038372931858733075,0.019194031600299893
img_00948.jpg,0.8718628349647516,0.0334523386409864,0.005851151093527471,0.013293233942002968,0.010233812936774856,0.014374012128828844,0.01281961903001755,0.03811299726311032
img_00950.jpg,0.9970423046756443,0.0009028566338096845,0.00020247588340750633,0.0004553460474663141,0.00047255538654193793,0.00023484671439990537,0.00022130040088665957,0.0004683142578437672
img_00959.jpg,0.020255328853454574,0.9637285918019157,0.0035466272494288323,0.0005989466999313507,0.000842955026589195,0.005917974937009642,0.001050837425017532,0.004058738006653066
img_00962.jpg,0.01265532957431906,0.011447717009036944,0.0005797583043989649,0.0008931303951669807,0.00039234024021058246,0.00017727419780553996,0.0005437073923384408,0.9733107428867236
img_00964.jpg,0.025518295312960845,2.4179977873059247e-05,0.0013823193727381658,0.9677297453384557,0.00015535958206154424,0.002063851028447744,0.0006057713903454032,0.0025204779971173853
img_00966.jpg,0.16066099040883353,0.5545286191936044,0.030488933270472838,0.013929289010848486,0.009673234926426333,0.16764740428250752,0.017095658790717522,0.04597587011658953
img_00974.jpg,0.007885713596494079,0.9799816886421021,0.005560465317857943,0.00028174644321672996,0.000682730346712186,0.0027501791079872664,0.0004701021717202436,0.002387374373909472
img_00979.jpg,0.007625208298082306,0.0016963061249645655,0.010937046550359032,0.0008196335672197478,0.0001942718952130823,7.980524581606245e-05,0.0007077867325276573,0.9779399415858177
img_00982.jpg,0.787532351039338,0.18736735152794004,0.0022552542461650306,0.003426765234255048,0.004593829423175181,0.00509536993580572,0.001531914889033696,0.008197163704287132
img_00985.jpg,0.02107745902020729,0.9750641866191513,0.0009378714207724421,0.00015302270827049003,0.00018387925528979955,0.0016535203937563937,0.00018815882027441934,0.0007419017622778252
img_00999.jpg,0.009973839023197893,0.9847897152916011,0.0013191989043504194,0.00016349635565453393,0.000260490369475114,0.0010150034200699645,0.00027953628854113466,0.0021987203471098707
img_01022.jpg,0.009311032015390845,0.9808783855771972,0.0018059747449551806,0.0003083804308048969,0.0006239889295532258,0.005664141929929294,0.0005183953966913376,0.0008897009754782263
img_01031.jpg,0.01463465264636322,0.971498573564109,0.002345819326011627,0.0003463860500945923,0.0004937397653943401,0.009842772380191961,0.0003242468154565452,0.0005138094523787867
img_01035.jpg,0.008632529232649998,0.015678528901198942,0.0005346126505066103,0.0010477621322308125,0.00017345322279004404,0.9722257751194247,0.0016710329902646312,3.6305750934352155e-05
img_01043.jpg,0.0987000456198233,0.8896778340550123,0.0015611419939485847,0.0006184376712693573,0.0003420241645581557,0.006091620734513683,0.000452085994772727,0.002556809766101921
img_01058.jpg,0.08375103818527514,0.8976995243871702,0.002801282107208214,0.0010444684822897214,0.0011951364493784633,0.0026182083489088275,0.000945021505191798,0.009945320534577555
img_01059.jpg,0.008334346494402565,0.0008323317143174384,0.0015748295179509098,0.0012344304488055855,0.0002175648794553359,0.00011641944097742942,0.001144231078919543,0.9865458464251712
img_01090.jpg,0.9986846436748277,0.0005104267918414286,5.958994648696123e-05,0.0001748091804764799,0.00017286465813934581,9.361841543596755e-05,0.0001049019960806279,0.00019914533671161144
img_01102.jpg,0.0780254562444627,0.05956341040147677,0.09436841768333548,0.014858278234891605,0.05011381469072125,0.009235492213443932,0.007287476970157983,0.6865476535615104
img_01103.jpg,0.08055243187233255,0.025681410449656227,0.01214737446754747,0.014762537047366865,0.007028081498568869,0.008139585529900033,0.13516473099784135,0.7165238481367867
img_01116.jpg,0.019691688162649056,0.9686402425363158,0.001794190692185881,0.0005384134325257175,0.0009665244564209723,0.006352407273222088,0.0003798478497799145,0.0016366855969005216
img_01134.jpg,0.024231428602745537,0.952333696056818,0.005209359769505914,0.0010437972586913383,0.0009897306778814416,0.0059554801231723,0.0009261640636375635,0.009310343447547857
img_01142.jpg,0.9975022802085642,0.0015183297317662853,4.425474362144315e-05,0.0001500660920864263,0.00011949267642274257,0.00017288530372962387,7.20347743900017e-05,0.00042065646941926896
img_01168.jpg,0.06838326343975908,0.005405296967118564,0.0012441987274493713,0.008193980472387861,0.0029334427482655564,0.13263402271251729,0.7779175107705398,0.0032882841619623735
img_01171.jpg,0.998296693094654,0.000570019160492444,6.757522231993372e-05,0.0002811858254144628,0.0001613964938968246,0.00020134167494396902,0.00012208294665019825,0.0002997055816281858
img_01177.jpg,0.8993475007818542,0.03739093567388388,0.0011749605544336536,0.006262596204797121,0.003491588210312983,0.024853156455101357,0.0037636644631847483,0.023715597656431876
img_01179.jpg,0.02229957034486442,0.9671112464493508,0.0019994788117067954,0.0004973395062363834,0.0007230756234934522,0.004972648438539634,0.0005069046288252014,0.001889736196983531
img_01188.jpg,0.021715703129827874,0.019251313516816835,0.010443190167378458,0.01436140129560202,0.0028222445546838447,0.9047783402060864,0.023626909090743168,0.0030008980388612065
img_01198.jpg,0.06625180742104554,0.889575195365172,0.006801557305482351,0.0024198410695500955,0.015547614861364741,0.009081175791879578,0.0034747637838800317,0.0068480444016257545
img_01204.jpg,0.9996541809279987,8.947155541589367e-05,1.658013650375161e-05,5.4731093728182335e-05,5.8052405496951195e-05,2.982945917776308e-05,4.132209988741517e-05,5.583232179139714e-05
img_01208.jpg,0.9969324833807246,0.0010146262421465626,0.00017606533610591222,0.0005499834629578565,0.00040236626569891695,0.00021798829604598277,0.00022959761110251647,0.00047688940521772096
img_01211.jpg,0.14127846224754756,0.2121965922983132,0.6340999737972868,0.0010770393111911435,0.0005296162176435865,0.0032287445098133456,0.000274518379878724,0.007315053238325734
img_01213.jpg,0.010624613266878679,0.9830438568197949,0.001989969662913708,0.00014212029517877425,0.0004531293865956231,0.002046833724650272,0.0003041952287972611,0.001395281615190944
img_01222.jpg,0.08356825962324034,0.779416020625901,0.06399671007219614,0.002902300950740041,0.006079588921195398,0.02075602811750849,0.007439374207389161,0.03584171748182961
img_01224.jpg,0.023367959742019564,0.03303437664677189,0.022337379887506698,0.0036108566476830695,0.002065075702185145,0.001167910445050171,0.003710191293766629,0.9107062496350168
img_01237.jpg,0.9717685828708245,0.011330651627865231,0.0011371225445875556,0.0016734795233093766,0.0014274241979864923,0.0018336077308096974,0.0010415509225508246,0.009787580582066397
img_01249.jpg,0.9518617142736218,0.029580550994071968,0.0009527630806200631,0.002250570270041864,0.002492795537883118,0.004700891386639865,0.002698900810347646,0.005461813646773619
img_01253.jpg,0.005964869635137731,0.00035016206473604145,0.0004961653692058592,0.0004694828826176071,8.897639242990544e-05,1.9295798397933538e-05,0.000849040094048683,0.9917620077634263
img_01286.jpg,0.13434774168470912,0.13051151460826751,0.05526416683295567,0.003166008085355948,0.002402242176915957,0.0026953744461456638,0.0027705190991674108,0.6688424330664827
img_01289.jpg,0.004627940575654845,0.0002940877259932211,0.00086330371617482,0.0006336948523133147,8.84718688041893e-05,4.5133202092954455e-05,0.0004998423381577507,0.992947525720809
img_01325.jpg,0.9930448101387311,0.002110794542173903,0.00039682597087229256,0.0007223553343030605,0.0009115864397869084,0.0007113227033219206,0.000683153149899237,0.001419151720911777
img_01328.jpg,0.006814423413652048,0.9885517513657924,0.0015607955157180423,8.701398214167494e-05,0.0002592464509797674,0.002028212190737244,0.00017151798688620816,0.0005270390940925311
img_01366.jpg,0.5425955773952612,0.0268295739735924,0.0069217809924287926,0.013430841027944661,0.003705985966270851,0.39090999012329236,0.004139806157589765,0.011466444363620076
img_01371.jpg,0.016286051398646452,0.9756712570120826,0.0018630050892529785,0.0003137076577202623,0.0004633769841294973,0.002382859156561941,0.0004304668495307706,0.0025892758520755653
img_01373.jpg,0.8753521356431267,0.11838689884610781,0.00028847602308138844,0.0005784144874007443,0.00048385556036578236,0.0011192434270329494,0.0003468482254671232,0.0034441277874173895
img_01377.jpg,0.6915920196492541,0.20087434227895018,0.0175473617562406,0.011624407483873467,0.00648482823485394,0.012481981440165144,0.004857026239594747,0.054538032917067915
img_01379.jpg,0.01677144657656479,0.938962875356644,0.030244343068472606,0.000827913328904924,0.001302864826102815,0.005710597370343145,0.0007754960831172851,0.005404463389850272
img_01384.jpg,0.1523457330785384,0.4632010368660404,0.018159385193060856,0.02407874442232665,0.004438510055070054,0.2666627036503888,0.017192767743110533,0.05392111899146437
img_01388.jpg,0.010527787049068253,0.9647224155980186,0.018429831268508248,0.0002156268040750763,0.0006131250898762179,0.003023634604172856,0.0002571580394695204,0.002210421546811239
img_01392.jpg,0.03177050722701853,8.22702961115654e-05,0.0020223435839219796,0.9550994708044819,0.0004884068995875992,0.002870569731881887,0.0020719599042910686,0.0055944715527055985
img_01399.jpg,0.007089757718846477,0.039086910770946726,0.9275831271445838,0.0028308872756371397,0.0010814447285279797,0.004353854702653101,0.001746432482300731,0.016227585176504005
img_01404.jpg,0.0021540090055454054,0.9932627887834895,0.0018267651636234786,8.409011260739983e-05,0.0001627523235301735,0.0015836194419326815,0.00017743536118588771,0.0007485398080856376
img_01405.jpg,0.004965212066567927,0.9883624111886465,0.0012518311691913947,0.00014184259908833473,0.00029505133343695795,0.004168943073042916,0.00022051405299156366,0.0005941945170344583
img_01413.jpg,0.012143806409680814,0.9842818401472501,0.0009063857527690737,7.865839436710766e-05,0.0001396791177638724,0.001605137224037297,0.0001449414664969432,0.0006995514876348033
img_01426.jpg,0.01785419389290755,0.002297269006778964,0.004401017318911107,0.004256745371295648,0.0005906262811942503,0.01576493978302618,0.9436791438736807,0.01115606447220545
img_01431.jpg,0.07921600668166687,0.014783706769732148,0.024263075390444432,0.005383269886237726,0.8352986095560828,0.02146150751156974,0.008087371309251992,0.011506452895014133
img_01441.jpg,0.02154752369451537,0.0009473541392474067,0.0012233099039200737,0.0011540931162694597,0.00028579307255465944,8.039482744665956e-05,0.002272708623970482,0.972488822622076
img_01444.jpg,0.029151660558506414,0.013026558025453239,0.006363626239252005,0.003187993371957266,0.0012596260999322712,0.0008230533150325694,0.00448718448317251,0.9417002979066936
img_01490.jpg,0.027149322089415596,0.0023934830057120724,0.00045377117316190555,0.000769837762300654,0.00019260958123505816,8.296457750824491e-05,0.0004647208275982056,0.9684932909830681
img_01495.jpg,0.05372417042648012,0.31955868614395144,0.3190702631921518,0.006255132707941137,0.0008148197110646692,0.007396609665722014,0.003711381470786309,0.2894689366819024
img_01505.jpg,0.9996162003004438,0.0001251604400367175,2.2612910509286446e-05,3.799847954870587e-05,8.169159734901036e-05,3.038795111954644e-05,3.3984694818907974e-05,5.1963626173921346e-05
img_01511.jpg,0.036774603195269186,0.929787211206982,0.011587588642899114,0.001128154519011923,0.0014620731078701346,0.009490770179910762,0.001015974949511075,0.008753624198545765
img_01519.jpg,0.04338387383220801,0.8497346343219149,0.012375412697279905,0.006865621619231395,0.004023863785945681,0.019750158132834258,0.0068731226858235765,0.05699331292476241
img_01530.jpg,0.03630272582992323,0.11821480461862902,0.6964932088249288,0.01331101094049273,0.01204253966419952,0.007194534280711401,0.0038967903450624055,0.11254438549605279
img_01537.jpg,0.029302730496812562,0.728767397880824,0.08195445181275278,0.009950716083736473,0.005150387729887021,0.10158267788108369,0.009063191144911125,0.03422844696999236
img_01538.jpg,0.003110036477883608,0.986701633958509,0.005859692229516656,0.00013102599285774128,0.0002656344468301696,0.0028147473488958244,0.00023521626135610443,0.0008820132841508118
img_01541.jpg,0.9993649184844708,0.0003382596178741122,1.4311528942704106e-05,5.920930939350744e-05,5.284793151440874e-05,4.712169960092683e-05,3.7484854610801196e-05,8.584657359274232e-05
img_01543.jpg,0.012087630742286188,0.967632844626355,0.003032752666432097,0.00045684659614821587,0.0005673970665613013,0.0016386340643595465,0.0006658621720885513,0.013918032065768969
img_01548.jpg,0.009168577476474092,0.985701717115139,0.0010398691988864615,0.00018084387404657595,0.00023845287116970655,0.0016912987940795043,0.00034001401594965146,0.0016392266542549947
img_01552.jpg,0.02295243256625042,0.9393062231237229,0.0079119539493468,0.0012813657720852877,0.0015186654371884569,0.02250551559067099,0.0018656258946061679,0.0026582176661287074
img_01561.jpg,0.9986863811573036,0.0007446219510316494,3.6544041215863175e-05,9.718015455778653e-05,0.00012432407966694035,0.00010146100081067897,6.875008859627894e-05,0.00014073752681711602
img_01562.jpg,0.015950128555547234,0.969252993453603,0.003414169482542516,0.0006949248281689275,0.0010051974502938838,0.003801675944781225,0.0009231954763223726,0.004957714808740918
img_01571.jpg,0.023081360359422154,0.8841184969620663,0.07634744994354761,0.0003433348010771409,0.0004143030572968629,0.0038812428923331722,0.0018033523911023107,0.010010459593154419
img_01593.jpg,0.014815066199937074,0.9414470377892109,0.008814529141309082,0.0011784238238876092,0.0022059051931302867,0.0034826896902453996,0.0020007035322811987,0.026055644629998456
img_01595.jpg,0.7771490875589925,0.002881859095406907,0.007282904352719139,0.0096128990198202,0.00533425766893968,0.0007936202587168739,0.0026365497065932502,0.19430882233881136
img_01616.jpg,0.014809749954976347,0.9524536843925544,0.025265794864218795,0.00019435191808873218,0.0006545094754592264,0.001331573502394016,0.00020318549643075315,0.005087150395877891
img_01618.jpg,0.02151233212293911,0.96867993375414,0.0021748742120911435,0.0002920711707455307,0.0008408707617393411,0.004022373048061338,0.00037083062965115104,0.0021067143006323597
img_01627.jpg,0.008230916927161644,0.9776522734785956,0.008011432695182482,0.0003199975859660529,0.0002977424908259675,0.0016978687484976575,0.0003291514700570928,0.0034606166037135784
img_01632.jpg,0.9158219500408511,0.06349669732278768,0.002064943838870496,0.0020726897608722775,0.0037862185738846313,0.005125051869545334,0.0020465868884652284,0.005585861704723203
img_01633.jpg,0.025428109650542447,0.967314739883511,0.0013306694627798223,0.0003237297483590731,0.0004325432446899453,0.0017727107806396944,0.0004308766087817233,0.0029666206206963018
img_01640.jpg,0.010540867118452339,0.8453860639990114,0.0045060340793887065,0.000852524591760897,0.0007616583253438031,0.001267464940070381,0.0008106727561918602,0.1358747141897808
img_01646.jpg,0.003187390426928617,0.9925248100768838,0.0016260885062200508,9.48700196007996e-05,0.00020045917417975965,0.001500979270069803,0.000174839597681427,0.0006905629284357876
img_01647.jpg,0.8469223363907357,0.009011692583160159,0.007274767954148436,0.06341084682703095,0.004340859316372008,0.06012984699343121,0.0022110269156166026,0.00669862301950496
img_01649.jpg,0.12600677225001988,0.845940732693584,0.0021229292462952897,0.0016197890872564026,0.0023257025257490435,0.008490189590454784,0.001223513050061795,0.012270371556578868
img_01657.jpg,0.023636505069588802,5.269782530942011e-06,0.000853185421665306,0.9669409130189831,7.383015450846631e-05,0.000693799360604441,0.0005319064192749913,0.007264590772844091
img_01669.jpg,0.06904432798334467,0.013528378880718625,0.025589294045586308,0.005045885022699484,0.8452841662392241,0.022295048707404425,0.00793375062852252,0.011279148492499894
img_01673.jpg,0.022861262977950624,0.9337232622302584,0.002905490303322389,0.0009221380947963738,0.0009158128377216244,0.007599223052077085,0.004754966023386597,0.026317844480487143
img_01681.jpg,0.02713322463917039,0.009143499035940387,0.003902921559185124,0.003755403555776437,0.000498307275416957,0.0007226439350544678,0.001931490688445982,0.9529125093110103
img_01684.jpg,0.014931854078934027,0.9821662005973429,0.0007254849521328137,0.00012284302469792822,0.0002460466290845251,0.0012870407203487953,0.00010907423059216687,0.0004114557668668874
img_01685.jpg,0.9861292585138471,0.006852695155817543,0.00046617197944631516,0.0011467287227514803,0.0011835451701903861,0.0017197142666093546,0.0006979834371868357,0.0018039027541509685
