image,NoF,ALB,BET,DOL,LAG,OTHER,SHARK,YFT
img_00005.jpg,0.8264458364289405,0.024793451938722785,0.024793451938722785,0.024793451938722785,0.024793451938722785,0.024793451938722785,0.024793451938722785,0.024793451938722785
img_00007.jpg,0.024799067662055873,0.024799067662055873,0.024799067662055873,0.024799067662055873,0.024799067662055873,0.024799067662055873,0.024799067662055873,0.826406526365609
img_00009.jpg,0.024920567783587602,0.8255560255148868,0.024920567783587602,0.024920567783587602,0.024920567783587602,0.024920567783587602,0.024920567783587602,0.024920567783587602
img_00018.jpg,0.024804749496752605,0.8263667535227318,0.024804749496752605,0.024804749496752605,0.024804749496752605,0.024804749496752605,0.024804749496752605,0.024804749496752605
img_00027.jpg,0.025003684656410716,0.8249742074051251,0.025003684656410716,0.025003684656410716,0.025003684656410716,0.025003684656410716,0.025003684656410716,0.025003684656410716
img_00030.jpg,0.8264434938873638,0.024793786587519465,0.024793786587519465,0.024793786587519465,0.024793786587519465,0.024793786587519465,0.024793786587519465,0.024793786587519465
img_00040.jpg,0.025753893632014586,0.025753893632014586,0.025753893632014586,0.025753893632014586,0.025753893632014586,0.028404548344470378,0.8170720898634419,0.025753893632014586
img_00046.jpg,0.826446041612052,0.024793422626849717,0.024793422626849717,0.024793422626849717,0.024793422626849717,0.024793422626849717,0.024793422626849717,0.024793422626849717
img_00053.jpg,0.024929736454071046,0.8254918448215027,0.024929736454071046,0.024929736454071046,0.024929736454071046,0.024929736454071046,0.024929736454071046,0.024929736454071046
img_00071.jpg,0.02532985079234614,0.02532985079234614,0.02532985079234614,0.02532985079234614,0.822691044453577,0.02532985079234614,0.02532985079234614,0.02532985079234614
img_00075.jpg,0.024813978705095226,0.8263021490643334,0.024813978705095226,0.024813978705095226,0.024813978705095226,0.024813978705095226,0.024813978705095226,0.024813978705095226
img_00102.jpg,0.025459697162705713,0.42305294013407974,0.025459697162705713,0.025459697162705713,0.025459697162705713,0.025459697162705713,0.025459697162705713,0.4241888768896859
img_00103.jpg,0.02544558245370857,0.82188092282404,0.02544558245370857,0.02544558245370857,0.02544558245370857,0.02544558245370857,0.02544558245370857,0.02544558245370857
img_00109.jpg,0.024802567628326083,0.8263820266017174,0.024802567628326083,0.024802567628326083,0.024802567628326083,0.024802567628326083,0.024802567628326083,0.024802567628326083
img_00119.jpg,0.8264462467946784,0.024793393315045955,0.024793393315045955,0.024793393315045955,0.024793393315045955,0.024793393315045955,0.024793393315045955,0.024793393315045955
img_00120.jpg,0.024814713961810994,0.826297002267323,0.024814713961810994,0.024814713961810994,0.024814713961810994,0.024814713961810994,0.024814713961810994,0.024814713961810994
img_00125.jpg,0.02523137086263081,0.8233804039615844,0.02523137086263081,0.02523137086263081,0.02523137086263081,0.02523137086263081,0.02523137086263081,0.02523137086263081
img_00128.jpg,0.024831279178054794,0.024831279178054794,0.024831279178054794,0.024831279178054794,0.024831279178054794,0.024831279178054794,0.024831279178054794,0.8261810457536165
img_00129.jpg,0.060702899435839126,0.07859172262262458,0.028072207640934835,0.028072207640934835,0.028072207640934835,0.09072496259013481,0.07989040316417043,0.6058733892644265
img_00133.jpg,0.8264353885475767,0.02479494449320334,0.02479494449320334,0.02479494449320334,0.02479494449320334,0.02479494449320334,0.02479494449320334,0.02479494449320334
img_00138.jpg,0.024918414840124647,0.8255710961191275,0.024918414840124647,0.024918414840124647,0.024918414840124647,0.024918414840124647,0.024918414840124647,0.024918414840124647
img_00141.jpg,0.02479699063524645,0.02479699063524645,0.02479699063524645,0.02479699063524645,0.02479699063524645,0.02479699063524645,0.02479699063524645,0.8264210655532749
img_00152.jpg,0.02569811843631479,0.7419702485366623,0.02569811843631479,0.02569811843631479,0.02569811843631479,0.02569811843631479,0.02569811843631479,0.10384104084544882
img_00161.jpg,0.024797127463953905,0.024797127463953905,0.024797127463953905,0.024797127463953905,0.024797127463953905,0.024797127463953905,0.024797127463953905,0.8264201077523227
img_00164.jpg,0.8264457338372029,0.024793466594685308,0.024793466594685308,0.024793466594685308,0.024793466594685308,0.024793466594685308,0.024793466594685308,0.024793466594685308
img_00170.jpg,0.025418137959838754,0.025418137959838754,0.8220730342811288,0.025418137959838754,0.025418137959838754,0.025418137959838754,0.025418137959838754,0.025418137959838754
img_00171.jpg,0.7419918096201618,0.025434266783120527,0.025434266783120527,0.025434266783120527,0.025434266783120527,0.10540258968111496,0.025434266783120527,0.025434266783120527
img_00172.jpg,0.8264449472965179,0.024793578957640307,0.024793578957640307,0.024793578957640307,0.024793578957640307,0.024793578957640307,0.024793578957640307,0.024793578957640307
img_00175.jpg,0.472874477549199,0.025456219154772777,0.025456219154772777,0.025456219154772777,0.025456219154772777,0.37438820752216423,0.025456219154772777,0.025456219154772777
img_00180.jpg,0.02480593043269999,0.02480593043269999,0.02480593043269999,0.02480593043269999,0.02480593043269999,0.02480593043269999,0.02480593043269999,0.8263584869711001
img_00196.jpg,0.8264462296961447,0.024793395757693622,0.024793395757693622,0.024793395757693622,0.024793395757693622,0.024793395757693622,0.024793395757693622,0.024793395757693622
img_00212.jpg,0.024825571714886984,0.024825571714886984,0.024825571714886984,0.024825571714886984,0.024825571714886984,0.024825571714886984,0.024825571714886984,0.8262209979957912
img_00223.jpg,0.024891091859227898,0.8257623569854048,0.024891091859227898,0.024891091859227898,0.024891091859227898,0.024891091859227898,0.024891091859227898,0.024891091859227898
img_00230.jpg,0.024813581121861106,0.8263049321469723,0.024813581121861106,0.024813581121861106,0.024813581121861106,0.024813581121861106,0.024813581121861106,0.024813581121861106
img_00232.jpg,0.025021561735426287,0.025021561735426287,0.025021561735426287,0.025021561735426287,0.025021561735426287,0.025021561735426287,0.8248490678520161,0.025021561735426287
img_00244.jpg,0.024801241582134044,0.8263913089250617,0.024801241582134044,0.024801241582134044,0.024801241582134044,0.024801241582134044,0.024801241582134044,0.024801241582134044
img_00272.jpg,0.0249613786271187,0.8252703496101691,0.0249613786271187,0.0249613786271187,0.0249613786271187,0.0249613786271187,0.0249613786271187,0.0249613786271187
img_00280.jpg,0.025069120669230307,0.8245161553153879,0.025069120669230307,0.025069120669230307,0.025069120669230307,0.025069120669230307,0.025069120669230307,0.025069120669230307
img_00282.jpg,0.044081500633033226,0.02544088592306834,0.02544088592306834,0.02544088592306834,0.02544088592306834,0.8032731838285566,0.02544088592306834,0.02544088592306834
img_00285.jpg,0.02481607815582152,0.8262874529092493,0.02481607815582152,0.02481607815582152,0.02481607815582152,0.02481607815582152,0.02481607815582152,0.02481607815582152
img_00289.jpg,0.04244011027112932,0.8049682444340626,0.02543194088246799,0.02543194088246799,0.02543194088246799,0.02543194088246799,0.02543194088246799,0.02543194088246799
img_00292.jpg,0.02541532707922724,0.8220927104454093,0.02541532707922724,0.02541532707922724,0.02541532707922724,0.02541532707922724,0.02541532707922724,0.02541532707922724
img_00302.jpg,0.025527349334920367,0.025527349334920367,0.025527349334920367,0.025527349334920367,0.025527349334920367,0.10207671980140627,0.7447591841890714,0.025527349334920367
img_00311.jpg,0.02482877173533633,0.8261985978526457,0.02482877173533633,0.02482877173533633,0.02482877173533633,0.02482877173533633,0.02482877173533633,0.02482877173533633
img_00320.jpg,0.02485953297566518,0.8259832691703437,0.02485953297566518,0.02485953297566518,0.02485953297566518,0.02485953297566518,0.02485953297566518,0.02485953297566518
img_00331.jpg,0.025811028261614126,0.8193228021687011,0.025811028261614126,0.025811028261614126,0.025811028261614126,0.025811028261614126,0.025811028261614126,0.025811028261614126
img_00358.jpg,0.025325691974728014,0.822720156176904,0.025325691974728014,0.025325691974728014,0.025325691974728014,0.025325691974728014,0.025325691974728014,0.025325691974728014
img_00374.jpg,0.024980317216671565,0.825137779483299,0.024980317216671565,0.024980317216671565,0.024980317216671565,0.024980317216671565,0.024980317216671565,0.024980317216671565
img_00375.jpg,0.02542772016024955,0.02542772016024955,0.02542772016024955,0.8220059588782531,0.02542772016024955,0.02542772016024955,0.02542772016024955,0.02542772016024955
img_00376.jpg,0.024812767645101562,0.8263106264842891,0.024812767645101562,0.024812767645101562,0.024812767645101562,0.024812767645101562,0.024812767645101562,0.024812767645101562
img_00380.jpg,0.02480002443321092,0.8263998289675236,0.02480002443321092,0.02480002443321092,0.02480002443321092,0.02480002443321092,0.02480002443321092,0.02480002443321092
img_00383.jpg,0.024889880645709458,0.8257708354800338,0.024889880645709458,0.024889880645709458,0.024889880645709458,0.024889880645709458,0.024889880645709458,0.024889880645709458
img_00398.jpg,0.02479996822239179,0.8264002224432575,0.02479996822239179,0.02479996822239179,0.02479996822239179,0.02479996822239179,0.02479996822239179,0.02479996822239179
img_00407.jpg,0.024837329993894805,0.8261386900427364,0.024837329993894805,0.024837329993894805,0.024837329993894805,0.024837329993894805,0.024837329993894805,0.024837329993894805
img_00417.jpg,0.02480832565739679,0.02480832565739679,0.02480832565739679,0.02480832565739679,0.02480832565739679,0.02480832565739679,0.02480832565739679,0.8263417203982225
img_00432.jpg,0.034088942761349585,0.7452155206918425,0.026105261786435408,0.026105261786435408,0.026105261786435408,0.09016922761463073,0.026105261786435408,0.026105261786435408
img_00442.jpg,0.024795450194804572,0.024795450194804572,0.024795450194804572,0.024795450194804572,0.024795450194804572,0.024795450194804572,0.024795450194804572,0.826431848636368
img_00446.jpg,0.024800058648616886,0.8263995894596818,0.024800058648616886,0.024800058648616886,0.024800058648616886,0.024800058648616886,0.024800058648616886,0.024800058648616886
img_00469.jpg,0.024802684962743644,0.8263812052607945,0.024802684962743644,0.024802684962743644,0.024802684962743644,0.024802684962743644,0.024802684962743644,0.024802684962743644
img_00473.jpg,0.024800256611033276,0.8263982037227671,0.024800256611033276,0.024800256611033276,0.024800256611033276,0.024800256611033276,0.024800256611033276,0.024800256611033276
img_00483.jpg,0.024828181390140997,0.826202730269013,0.024828181390140997,0.024828181390140997,0.024828181390140997,0.024828181390140997,0.024828181390140997,0.024828181390140997
img_00484.jpg,0.0248739353827334,0.0248739353827334,0.0248739353827334,0.0248739353827334,0.0248739353827334,0.0248739353827334,0.0248739353827334,0.8258824523208662
img_00486.jpg,0.11376501638074497,0.5043713901123358,0.02676066155134025,0.02676066155134025,0.24806028575021782,0.02676066155134025,0.02676066155134025,0.02676066155134025
img_00487.jpg,0.8258232735177046,0.024882389497470774,0.024882389497470774,0.024882389497470774,0.024882389497470774,0.024882389497470774,0.024882389497470774,0.024882389497470774
img_00493.jpg,0.826446041612052,0.024793422626849717,0.024793422626849717,0.024793422626849717,0.024793422626849717,0.024793422626849717,0.024793422626849717,0.024793422626849717
img_00518.jpg,0.024800017101350498,0.8263998802905466,0.024800017101350498,0.024800017101350498,0.024800017101350498,0.024800017101350498,0.024800017101350498,0.024800017101350498
img_00533.jpg,0.0248865676435286,0.8257940264952998,0.0248865676435286,0.0248865676435286,0.0248865676435286,0.0248865676435286,0.0248865676435286,0.0248865676435286
img_00538.jpg,0.02480627642177454,0.8263560650475782,0.02480627642177454,0.02480627642177454,0.02480627642177454,0.02480627642177454,0.02480627642177454,0.02480627642177454
img_00543.jpg,0.024952536752455377,0.8253322427328124,0.024952536752455377,0.024952536752455377,0.024952536752455377,0.024952536752455377,0.024952536752455377,0.024952536752455377
img_00550.jpg,0.025823383033490178,0.7058330246241192,0.025823383033490178,0.025823383033490178,0.025823383033490178,0.13922667717493956,0.025823383033490178,0.025823383033490178
img_00551.jpg,0.028101554988736215,0.6618962967100851,0.026115555140137133,0.026115555140137133,0.026115555140137133,0.026115555140137133,0.026115555140137133,0.17942437260049304
img_00564.jpg,0.8264444514302481,0.024793649795678836,0.024793649795678836,0.024793649795678836,0.024793649795678836,0.024793649795678836,0.024793649795678836,0.024793649795678836
img_00575.jpg,0.0248637120464899,0.8259540156745707,0.0248637120464899,0.0248637120464899,0.0248637120464899,0.0248637120464899,0.0248637120464899,0.0248637120464899
img_00582.jpg,0.024809302709313495,0.8263348810348056,0.024809302709313495,0.024809302709313495,0.024809302709313495,0.024809302709313495,0.024809302709313495,0.024809302709313495
img_00584.jpg,0.024860086747669572,0.825979392766313,0.024860086747669572,0.024860086747669572,0.024860086747669572,0.024860086747669572,0.024860086747669572,0.024860086747669572
img_00587.jpg,0.025164366530219303,0.025164366530219303,0.025164366530219303,0.025164366530219303,0.025164366530219303,0.025164366530219303,0.025164366530219303,0.8238494342884649
img_00590.jpg,0.025174254404663542,0.025174254404663542,0.025174254404663542,0.025174254404663542,0.025174254404663542,0.025174254404663542,0.025174254404663542,0.8237802191673552
img_00591.jpg,0.024801185365797295,0.024801185365797295,0.024801185365797295,0.024801185365797295,0.024801185365797295,0.024801185365797295,0.024801185365797295,0.826391702439419
img_00598.jpg,0.02480047901702394,0.8263966468808325,0.02480047901702394,0.02480047901702394,0.02480047901702394,0.02480047901702394,0.02480047901702394,0.02480047901702394
img_00599.jpg,0.061915943880523475,0.686980725009085,0.02622693664646529,0.02622693664646529,0.02622693664646529,0.02622693664646529,0.02622693664646529,0.11996864787806492
img_00612.jpg,0.02484296806628238,0.8260992235360234,0.02484296806628238,0.02484296806628238,0.02484296806628238,0.02484296806628238,0.02484296806628238,0.02484296806628238
img_00618.jpg,0.8264092804457771,0.024798674222031837,0.024798674222031837,0.024798674222031837,0.024798674222031837,0.024798674222031837,0.024798674222031837,0.024798674222031837
img_00620.jpg,0.02634665899314595,0.09929513661886717,0.12196791121790135,0.02634665899314595,0.02634665899314595,0.02634665899314595,0.02634665899314595,0.6470036571975016
img_00642.jpg,0.0248507999026398,0.0248507999026398,0.0248507999026398,0.0248507999026398,0.8260444006815214,0.0248507999026398,0.0248507999026398,0.0248507999026398
img_00646.jpg,0.02479659848276311,0.02479659848276311,0.02479659848276311,0.02479659848276311,0.02479659848276311,0.02479659848276311,0.02479659848276311,0.8264238106206583
img_00648.jpg,0.025183832505315567,0.8237131724627911,0.025183832505315567,0.025183832505315567,0.025183832505315567,0.025183832505315567,0.025183832505315567,0.025183832505315567
img_00650.jpg,0.02779901721424811,0.15621811215933815,0.02779901721424811,0.02779901721424811,0.02779901721424811,0.4568132293662259,0.16102574036110082,0.11474684925634253
img_00654.jpg,0.0248161956181037,0.8262866306732741,0.0248161956181037,0.0248161956181037,0.0248161956181037,0.0248161956181037,0.0248161956181037,0.0248161956181037
img_00664.jpg,0.024914034841231437,0.82560175611138,0.024914034841231437,0.024914034841231437,0.024914034841231437,0.024914034841231437,0.024914034841231437,0.024914034841231437
img_00667.jpg,0.8264462467946784,0.024793393315045955,0.024793393315045955,0.024793393315045955,0.024793393315045955,0.024793393315045955,0.024793393315045955,0.024793393315045955
img_00676.jpg,0.8264462467946784,0.024793393315045955,0.024793393315045955,0.024793393315045955,0.024793393315045955,0.024793393315045955,0.024793393315045955,0.024793393315045955
img_00697.jpg,0.02479466844257874,0.02479466844257874,0.02479466844257874,0.02479466844257874,0.02479466844257874,0.02479466844257874,0.02479466844257874,0.8264373209019489
img_00708.jpg,0.024893408756543597,0.8257461387041949,0.024893408756543597,0.024893408756543597,0.024893408756543597,0.024893408756543597,0.024893408756543597,0.024893408756543597
img_00716.jpg,0.024826435014579117,0.024826435014579117,0.024826435014579117,0.024826435014579117,0.024826435014579117,0.8262149548979462,0.024826435014579117,0.024826435014579117
img_00717.jpg,0.024804745829424803,0.8263667791940263,0.024804745829424803,0.024804745829424803,0.024804745829424803,0.024804745829424803,0.024804745829424803,0.024804745829424803
img_00718.jpg,0.024808147130568947,0.8263429700860174,0.024808147130568947,0.024808147130568947,0.024808147130568947,0.024808147130568947,0.024808147130568947,0.024808147130568947
img_00723.jpg,0.8264271114278343,0.02479612693888082,0.02479612693888082,0.02479612693888082,0.02479612693888082,0.02479612693888082,0.02479612693888082,0.02479612693888082
img_00724.jpg,0.024795926599240167,0.024795926599240167,0.024795926599240167,0.024795926599240167,0.024795926599240167,0.024795926599240167,0.024795926599240167,0.8264285138053189
img_00726.jpg,0.02480102649491908,0.8263928145355665,0.02480102649491908,0.02480102649491908,0.02480102649491908,0.02480102649491908,0.02480102649491908,0.02480102649491908
img_00729.jpg,0.026052905393980794,0.5675337890848554,0.026052905393980794,0.026052905393980794,0.026052905393980794,0.27614877855125963,0.026052905393980794,0.026052905393980794
img_00730.jpg,0.02479831500508645,0.02479831500508645,0.02479831500508645,0.02479831500508645,0.02479831500508645,0.02479831500508645,0.02479831500508645,0.8264117949643949
img_00757.jpg,0.024804934086986214,0.8263654613910966,0.024804934086986214,0.024804934086986214,0.024804934086986214,0.024804934086986214,0.024804934086986214,0.024804934086986214
img_00760.jpg,0.02487950400025796,0.02487950400025796,0.02487950400025796,0.02487950400025796,0.8258434719981943,0.02487950400025796,0.02487950400025796,0.02487950400025796
img_00763.jpg,0.82644607580919,0.024793417741544276,0.024793417741544276,0.024793417741544276,0.024793417741544276,0.024793417741544276,0.024793417741544276,0.024793417741544276
img_00764.jpg,0.024797711446305368,0.024797711446305368,0.024797711446305368,0.024797711446305368,0.024797711446305368,0.024797711446305368,0.024797711446305368,0.8264160198758624
img_00765.jpg,0.02496505953486148,0.02496505953486148,0.02496505953486148,0.02496505953486148,0.02496505953486148,0.8252445832559697,0.02496505953486148,0.02496505953486148
img_00772.jpg,0.0250564596196817,0.8246047826622281,0.0250564596196817,0.0250564596196817,0.0250564596196817,0.0250564596196817,0.0250564596196817,0.0250564596196817
img_00773.jpg,0.024855630258103573,0.826010588193275,0.024855630258103573,0.024855630258103573,0.024855630258103573,0.024855630258103573,0.024855630258103573,0.024855630258103573
img_00777.jpg,0.024796451886888983,0.024796451886888983,0.024796451886888983,0.024796451886888983,0.024796451886888983,0.8264248367917771,0.024796451886888983,0.024796451886888983
img_00780.jpg,0.024800058648616886,0.024800058648616886,0.024800058648616886,0.024800058648616886,0.024800058648616886,0.024800058648616886,0.024800058648616886,0.8263995894596818
img_00798.jpg,0.02480348311068896,0.8263756182251774,0.02480348311068896,0.02480348311068896,0.02480348311068896,0.02480348311068896,0.02480348311068896,0.02480348311068896
img_00808.jpg,0.02484233780894189,0.8261036353374068,0.02484233780894189,0.02484233780894189,0.02484233780894189,0.02484233780894189,0.02484233780894189,0.02484233780894189
img_00816.jpg,0.024803849811499083,0.8263730513195064,0.024803849811499083,0.024803849811499083,0.024803849811499083,0.024803849811499083,0.024803849811499083,0.024803849811499083
img_00828.jpg,0.8264462125976076,0.02479339820034177,0.02479339820034177,0.02479339820034177,0.02479339820034177,0.02479339820034177,0.02479339820034177,0.02479339820034177
img_00833.jpg,0.02570629714954089,0.8200559199532138,0.02570629714954089,0.02570629714954089,0.02570629714954089,0.02570629714954089,0.02570629714954089,0.02570629714954089
img_00837.jpg,0.025067227874751533,0.8245294048767393,0.025067227874751533,0.025067227874751533,0.025067227874751533,0.025067227874751533,0.025067227874751533,0.025067227874751533
img_00855.jpg,0.02480970627010945,0.8263320561092339,0.02480970627010945,0.02480970627010945,0.02480970627010945,0.02480970627010945,0.02480970627010945,0.02480970627010945
img_00857.jpg,0.024801060713090097,0.8263925750083694,0.024801060713090097,0.024801060713090097,0.024801060713090097,0.024801060713090097,0.024801060713090097,0.024801060713090097
img_00858.jpg,0.024812025164755523,0.8263158238467113,0.024812025164755523,0.024812025164755523,0.024812025164755523,0.024812025164755523,0.024812025164755523,0.024812025164755523
img_00865.jpg,0.02479872920513571,0.8264088955640501,0.02479872920513571,0.02479872920513571,0.02479872920513571,0.02479872920513571,0.02479872920513571,0.02479872920513571
img_00876.jpg,0.8264462125976076,0.02479339820034177,0.02479339820034177,0.02479339820034177,0.02479339820034177,0.02479339820034177,0.02479339820034177,0.02479339820034177
img_00889.jpg,0.8254773310901958,0.024931809844257743,0.024931809844257743,0.024931809844257743,0.024931809844257743,0.024931809844257743,0.024931809844257743,0.024931809844257743
img_00894.jpg,0.10699029469537343,0.7398476513388355,0.025527008994298505,0.025527008994298505,0.025527008994298505,0.025527008994298505,0.025527008994298505,0.025527008994298505
img_00902.jpg,0.02512887530587425,0.02512887530587425,0.02512887530587425,0.02512887530587425,0.02512887530587425,0.02512887530587425,0.8240978728588803,0.02512887530587425
img_00914.jpg,0.024800175959296948,0.024800175959296948,0.024800175959296948,0.024800175959296948,0.024800175959296948,0.024800175959296948,0.024800175959296948,0.8263987682849214
img_00921.jpg,0.024906140918707603,0.8256570135690467,0.024906140918707603,0.024906140918707603,0.024906140918707603,0.024906140918707603,0.024906140918707603,0.024906140918707603
img_00927.jpg,0.024811956667983828,0.024811956667983828,0.024811956667983828,0.024811956667983828,0.024811956667983828,0.024811956667983828,0.024811956667983828,0.8263163033241132
img_00943.jpg,0.024824530936931325,0.8262282834414808,0.024824530936931325,0.024824530936931325,0.024824530936931325,0.024824530936931325,0.024824530936931325,0.024824530936931325
img_00948.jpg,0.8264420575532259,0.02479399177811059,0.02479399177811059,0.02479399177811059,0.02479399177811059,0.02479399177811059,0.02479399177811059,0.02479399177811059
img_00950.jpg,0.826442382440409,0.024793945365655854,0.024793945365655854,0.024793945365655854,0.024793945365655854,0.024793945365655854,0.024793945365655854,0.024793945365655854
img_00959.jpg,0.024804232414235572,0.826370373100351,0.024804232414235572,0.024804232414235572,0.024804232414235572,0.024804232414235572,0.024804232414235572,0.024804232414235572
img_00962.jpg,0.028168256822809937,0.4028686196289828,0.026116343976173798,0.026116343976173798,0.026116343976173798,0.026116343976173798,0.026116343976173798,0.4383814036673382
img_00964.jpg,0.0247983345540402,0.0247983345540402,0.0247983345540402,0.8264116581217186,0.0247983345540402,0.0247983345540402,0.0247983345540402,0.0247983345540402
img_00966.jpg,0.6810573864835462,0.1131493380958207,0.02657109143860058,0.02657109143860058,0.02657109143860058,0.07293781822763012,0.02657109143860058,0.02657109143860058
img_00974.jpg,0.024802046970241232,0.8263856712083114,0.024802046970241232,0.024802046970241232,0.024802046970241232,0.024802046970241232,0.024802046970241232,0.024802046970241232
img_00979.jpg,0.024816659360266027,0.024816659360266027,0.024816659360266027,0.024816659360266027,0.024816659360266027,0.024816659360266027,0.024816659360266027,0.8262833844781379
img_00982.jpg,0.740162355291471,0.10721371405614633,0.025437321775397096,0.025437321775397096,0.025437321775397096,0.025437321775397096,0.025437321775397096,0.025437321775397096
img_00985.jpg,0.02535114421053001,0.82254199052629,0.02535114421053001,0.02535114421053001,0.02535114421053001,0.02535114421053001,0.02535114421053001,0.02535114421053001
img_00999.jpg,0.02480388648217645,0.8263727946247649,0.02480388648217645,0.02480388648217645,0.02480388648217645,0.02480388648217645,0.02480388648217645,0.02480388648217645
img_01022.jpg,0.024804904747957508,0.8263656667642975,0.024804904747957508,0.024804904747957508,0.024804904747957508,0.024804904747957508,0.024804904747957508,0.024804904747957508
img_01031.jpg,0.02523883571158923,0.8233281500188754,0.02523883571158923,0.02523883571158923,0.02523883571158923,0.02523883571158923,0.02523883571158923,0.02523883571158923
img_01035.jpg,0.02479525475212667,0.02479525475212667,0.02479525475212667,0.02479525475212667,0.02479525475212667,0.8264332167351134,0.02479525475212667,0.02479525475212667
img_01043.jpg,0.6222736670106476,0.22455810320394648,0.025528038297567626,0.025528038297567626,0.025528038297567626,0.025528038297567626,0.025528038297567626,0.025528038297567626
img_01058.jpg,0.025083864529526663,0.8244129482933134,0.025083864529526663,0.025083864529526663,0.025083864529526663,0.025083864529526663,0.025083864529526663,0.025083864529526663
img_01059.jpg,0.024794407055175206,0.024794407055175206,0.024794407055175206,0.024794407055175206,0.024794407055175206,0.024794407055175206,0.024794407055175206,0.8264391506137736
img_01090.jpg,0.8264459048233649,0.024793442168090728,0.024793442168090728,0.024793442168090728,0.024793442168090728,0.024793442168090728,0.024793442168090728,0.024793442168090728
img_01102.jpg,0.02626900823322362,0.02626900823322362,0.028577166869297614,0.02626900823322362,0.02626900823322362,0.02626900823322362,0.02626900823322362,0.8138087837313605
img_01103.jpg,0.02520496812205253,0.02520496812205253,0.02520496812205253,0.02520496812205253,0.02520496812205253,0.02520496812205253,0.02520496812205253,0.8235652231456323
img_01116.jpg,0.030486945996808942,0.41177383983309757,0.026089667237281046,0.026089667237281046,0.026089667237281046,0.42729087798368814,0.026089667237281046,0.026089667237281046
img_01134.jpg,0.024838491970325408,0.8261305562077221,0.024838491970325408,0.024838491970325408,0.024838491970325408,0.024838491970325408,0.024838491970325408,0.024838491970325408
img_01142.jpg,0.8264461954990673,0.024793400642990397,0.024793400642990397,0.024793400642990397,0.024793400642990397,0.024793400642990397,0.024793400642990397,0.024793400642990397
img_01168.jpg,0.040817106279925915,0.026125834068848847,0.026125834068848847,0.026125834068848847,0.026125834068848847,0.3326116214984598,0.4959421018773699,0.026125834068848847
img_01171.jpg,0.82644607580919,0.024793417741544276,0.024793417741544276,0.024793417741544276,0.024793417741544276,0.024793417741544276,0.024793417741544276,0.024793417741544276
img_01177.jpg,0.8263125787425637,0.024812488751062324,0.024812488751062324,0.024812488751062324,0.024812488751062324,0.024812488751062324,0.024812488751062324,0.024812488751062324
img_01179.jpg,0.024831756960290198,0.8261777012779686,0.024831756960290198,0.024831756960290198,0.024831756960290198,0.024831756960290198,0.024831756960290198,0.024831756960290198
img_01188.jpg,0.024803109087032545,0.024803109087032545,0.024803109087032545,0.024803109087032545,0.024803109087032545,0.8263782363907722,0.024803109087032545,0.024803109087032545
img_01198.jpg,0.4483495773652809,0.3953006544873408,0.02605829469122969,0.02605829469122969,0.02605829469122969,0.02605829469122969,0.02605829469122969,0.02605829469122969
img_01204.jpg,0.8264462125976076,0.02479339820034177,0.02479339820034177,0.02479339820034177,0.02479339820034177,0.02479339820034177,0.02479339820034177,0.02479339820034177
img_01208.jpg,0.8264424679368341,0.024793933151880856,0.024793933151880856,0.024793933151880856,0.024793933151880856,0.024793933151880856,0.024793933151880856,0.024793933151880856
img_01211.jpg,0.025536403574007483,0.8125796052082728,0.034201973347682234,0.025536403574007483,0.025536403574007483,0.025536403574007483,0.025536403574007483,0.025536403574007483
img_01213.jpg,0.025051234193629285,0.824641360644595,0.025051234193629285,0.025051234193629285,0.025051234193629285,0.025051234193629285,0.025051234193629285,0.025051234193629285
img_01222.jpg,0.024828112804137728,0.826203210371036,0.024828112804137728,0.024828112804137728,0.024828112804137728,0.024828112804137728,0.024828112804137728,0.024828112804137728
img_01224.jpg,0.024844824691060946,0.024844824691060946,0.024844824691060946,0.024844824691060946,0.024844824691060946,0.024844824691060946,0.024844824691060946,0.8260862271625734
img_01237.jpg,0.8264420404538668,0.024793994220876178,0.024793994220876178,0.024793994220876178,0.024793994220876178,0.024793994220876178,0.024793994220876178,0.024793994220876178
img_01249.jpg,0.8263367300272347,0.0248090385675379,0.0248090385675379,0.0248090385675379,0.0248090385675379,0.0248090385675379,0.0248090385675379,0.0248090385675379
img_01253.jpg,0.024795025110917083,0.024795025110917083,0.024795025110917083,0.024795025110917083,0.024795025110917083,0.024795025110917083,0.024795025110917083,0.8264348242235804
img_01286.jpg,0.025287174164930953,0.025287174164930953,0.025287174164930953,0.025287174164930953,0.025287174164930953,0.025287174164930953,0.025287174164930953,0.8229897808454834
img_01289.jpg,0.024794929835493525,0.024794929835493525,0.024794929835493525,0.024794929835493525,0.024794929835493525,0.024794929835493525,0.024794929835493525,0.8264354911515454
img_01325.jpg,0.8264447934072892,0.024793600941815843,0.024793600941815843,0.024793600941815843,0.024793600941815843,0.024793600941815843,0.024793600941815843,0.024793600941815843
img_01328.jpg,0.024832672148370188,0.8261712949614087,0.024832672148370188,0.024832672148370188,0.024832672148370188,0.024832672148370188,0.024832672148370188,0.024832672148370188
img_01366.jpg,0.20456755532252952,0.025466140297112364,0.025466140297112364,0.025466140297112364,0.025466140297112364,0.6426356028947962,0.025466140297112364,0.025466140297112364
img_01371.jpg,0.02485720273768,0.82599958083624,0.02485720273768,0.02485720273768,0.02485720273768,0.02485720273768,0.02485720273768,0.02485720273768
img_01373.jpg,0.826318264016656,0.024811676569049156,0.024811676569049156,0.024811676569049156,0.024811676569049156,0.024811676569049156,0.024811676569049156,0.024811676569049156
img_01377.jpg,0.5713380119275062,0.25864713223287067,0.026804271498922887,0.026804271498922887,0.026804271498922887,0.026804271498922887,0.026804271498922887,0.03599349834500858
img_01379.jpg,0.024919131624116367,0.8255660786311855,0.024919131624116367,0.024919131624116367,0.024919131624116367,0.024919131624116367,0.024919131624116367,0.024919131624116367
img_01384.jpg,0.025208116463650794,0.025208116463650794,0.025208116463650794,0.025208116463650794,0.025208116463650794,0.8235431847544444,0.025208116463650794,0.025208116463650794
img_01388.jpg,0.024804030721226108,0.8263717849514173,0.024804030721226108,0.024804030721226108,0.024804030721226108,0.024804030721226108,0.024804030721226108,0.024804030721226108
img_01392.jpg,0.02479956986606231,0.02479956986606231,0.02479956986606231,0.8264030109375639,0.02479956986606231,0.02479956986606231,0.02479956986606231,0.02479956986606231
img_01399.jpg,0.024823193971433604,0.024823193971433604,0.8262376421999648,0.024823193971433604,0.024823193971433604,0.024823193971433604,0.024823193971433604,0.024823193971433604
img_01404.jpg,0.024794209186132933,0.8264405356970695,0.024794209186132933,0.024794209186132933,0.024794209186132933,0.024794209186132933,0.024794209186132933,0.024794209186132933
img_01405.jpg,0.024822268464292283,0.826244120749954,0.024822268464292283,0.024822268464292283,0.024822268464292283,0.024822268464292283,0.024822268464292283,0.024822268464292283
img_01413.jpg,0.02481403253272768,0.8263017722709063,0.02481403253272768,0.02481403253272768,0.02481403253272768,0.02481403253272768,0.02481403253272768,0.02481403253272768
img_01426.jpg,0.02527005367201732,0.02527005367201732,0.02527005367201732,0.02527005367201732,0.02527005367201732,0.02527005367201732,0.8231096242958788,0.02527005367201732
img_01431.jpg,0.024823921204034136,0.024823921204034136,0.024823921204034136,0.024823921204034136,0.8262325515717611,0.024823921204034136,0.024823921204034136,0.024823921204034136
img_01441.jpg,0.024801365014550113,0.024801365014550113,0.024801365014550113,0.024801365014550113,0.024801365014550113,0.024801365014550113,0.024801365014550113,0.8263904448981493
img_01444.jpg,0.024855821743806454,0.024855821743806454,0.024855821743806454,0.024855821743806454,0.024855821743806454,0.024855821743806454,0.024855821743806454,0.8260092477933548
img_01490.jpg,0.024796136711629026,0.024796136711629026,0.024796136711629026,0.024796136711629026,0.024796136711629026,0.024796136711629026,0.024796136711629026,0.8264270430185968
img_01495.jpg,0.025741925881486633,0.3024706650516125,0.5430777796594676,0.025741925881486633,0.025741925881486633,0.025741925881486633,0.025741925881486633,0.025741925881486633
img_01505.jpg,0.8264461613019763,0.024793405528289097,0.024793405528289097,0.024793405528289097,0.024793405528289097,0.024793405528289097,0.024793405528289097,0.024793405528289097
img_01511.jpg,0.024837923225661487,0.8261345374203696,0.024837923225661487,0.024837923225661487,0.024837923225661487,0.024837923225661487,0.024837923225661487,0.024837923225661487
img_01519.jpg,0.024981567006561498,0.8251290309540695,0.024981567006561498,0.024981567006561498,0.024981567006561498,0.024981567006561498,0.024981567006561498,0.024981567006561498
img_01530.jpg,0.02539341327910319,0.02539341327910319,0.8222461070462778,0.02539341327910319,0.02539341327910319,0.02539341327910319,0.02539341327910319,0.02539341327910319
img_01537.jpg,0.10851352572005141,0.026091336535342236,0.026091336535342236,0.026091336535342236,0.026091336535342236,0.734938455067895,0.026091336535342236,0.026091336535342236
img_01538.jpg,0.02479476860182936,0.8264366197871945,0.02479476860182936,0.02479476860182936,0.02479476860182936,0.02479476860182936,0.02479476860182936,0.02479476860182936
img_01541.jpg,0.8264462638932086,0.02479339087239877,0.02479339087239877,0.02479339087239877,0.02479339087239877,0.02479339087239877,0.02479339087239877,0.02479339087239877
img_01543.jpg,0.024820103096205935,0.8262592783265584,0.024820103096205935,0.024820103096205935,0.024820103096205935,0.024820103096205935,0.024820103096205935,0.024820103096205935
img_01548.jpg,0.02480288663386765,0.8263797935629265,0.02480288663386765,0.02480288663386765,0.02480288663386765,0.02480288663386765,0.02480288663386765,0.02480288663386765
img_01552.jpg,0.02550516207070925,0.8214638655050353,0.02550516207070925,0.02550516207070925,0.02550516207070925,0.02550516207070925,0.02550516207070925,0.02550516207070925
img_01561.jpg,0.8264455457520354,0.02479349346399494,0.02479349346399494,0.02479349346399494,0.02479349346399494,0.02479349346399494,0.02479349346399494,0.02479349346399494
img_01562.jpg,0.02480651605237371,0.8263543876333841,0.02480651605237371,0.02480651605237371,0.02480651605237371,0.02480651605237371,0.02480651605237371,0.02480651605237371
img_01571.jpg,0.02483036041773779,0.8261874770758355,0.02483036041773779,0.02483036041773779,0.02483036041773779,0.02483036041773779,0.02483036041773779,0.02483036041773779
img_01593.jpg,0.024836864253274672,0.8261419502270774,0.024836864253274672,0.024836864253274672,0.024836864253274672,0.024836864253274672,0.024836864253274672,0.024836864253274672
img_01595.jpg,0.7105831402788967,0.02548111601596605,0.02548111601596605,0.02548111601596605,0.02548111601596605,0.02548111601596605,0.02548111601596605,0.13653016362530687
img_01616.jpg,0.02480161677160326,0.8263886825987772,0.02480161677160326,0.02480161677160326,0.02480161677160326,0.02480161677160326,0.02480161677160326,0.02480161677160326
img_01618.jpg,0.025162931068140958,0.8238594825230133,0.025162931068140958,0.025162931068140958,0.025162931068140958,0.025162931068140958,0.025162931068140958,0.025162931068140958
img_01627.jpg,0.02491137256437958,0.825620392049343,0.02491137256437958,0.02491137256437958,0.02491137256437958,0.02491137256437958,0.02491137256437958,0.02491137256437958
img_01632.jpg,0.8246835504110938,0.02504520708412946,0.02504520708412946,0.02504520708412946,0.02504520708412946,0.02504520708412946,0.02504520708412946,0.02504520708412946
img_01633.jpg,0.024818849827953456,0.8262680512043258,0.024818849827953456,0.024818849827953456,0.024818849827953456,0.024818849827953456,0.024818849827953456,0.024818849827953456
img_01640.jpg,0.02512774872644278,0.8241057589149006,0.02512774872644278,0.02512774872644278,0.02512774872644278,0.02512774872644278,0.02512774872644278,0.02512774872644278
img_01646.jpg,0.024794615920368305,0.826437688557422,0.024794615920368305,0.024794615920368305,0.024794615920368305,0.024794615920368305,0.024794615920368305,0.024794615920368305
img_01647.jpg,0.8264458706261595,0.024793447053405793,0.024793447053405793,0.024793447053405793,0.024793447053405793,0.024793447053405793,0.024793447053405793,0.024793447053405793
img_01649.jpg,0.045775653531532366,0.8016248372654124,0.025433251533842505,0.025433251533842505,0.025433251533842505,0.025433251533842505,0.025433251533842505,0.025433251533842505
img_01657.jpg,0.024809393203622774,0.024809393203622774,0.024809393203622774,0.8263342475746406,0.024809393203622774,0.024809393203622774,0.024809393203622774,0.024809393203622774
img_01669.jpg,0.02482783723919433,0.02482783723919433,0.02482783723919433,0.02482783723919433,0.8262051393256398,0.02482783723919433,0.02482783723919433,0.02482783723919433
img_01673.jpg,0.024846974749284264,0.8260711767550102,0.024846974749284264,0.024846974749284264,0.024846974749284264,0.024846974749284264,0.024846974749284264,0.024846974749284264
img_01681.jpg,0.024834191485022288,0.024834191485022288,0.024834191485022288,0.024834191485022288,0.024834191485022288,0.024834191485022288,0.024834191485022288,0.826160659604844
img_01684.jpg,0.02481180866732209,0.8263173393287454,0.02481180866732209,0.02481180866732209,0.02481180866732209,0.02481180866732209,0.02481180866732209,0.02481180866732209
img_01685.jpg,0.82643891121442,0.02479444125508286,0.02479444125508286,0.02479444125508286,0.02479444125508286,0.02479444125508286,0.02479444125508286,0.02479444125508286
img_01687.jpg,0.024851132420284926,0.8260420730580055,0.024851132420284926,0.024851132420284926,0.024851132420284926,0.024851132420284926,0.024851132420284926,0.024851132420284926
img_01688.jpg,0.024794785702270093,0.024794785702270093,0.024794785702270093,0.024794785702270093,0.024794785702270093,0.024794785702270093,0.024794785702270093,0.8264365000841094
img_01689.jpg,0.02480242096186527,0.02480242096186527,0.02480242096186527,0.02480242096186527,0.02480242096186527,0.02480242096186527,0.02480242096186527,0.8263830532669432
img_01716.jpg,0.8264462638932086,0.02479339087239877,0.02479339087239877,0.02479339087239877,0.02479339087239877,0.02479339087239877,0.02479339087239877,0.02479339087239877
img_01717.jpg,0.8264356963591188,0.02479490052012589,0.02479490052012589,0.02479490052012589,0.02479490052012589,0.02479490052012589,0.02479490052012589,0.02479490052012589
img_01724.jpg,0.025446521576824404,0.8218743489622292,0.025446521576824404,0.025446521576824404,0.025446521576824404,0.025446521576824404,0.025446521576824404,0.025446521576824404
img_01745.jpg,0.8262588585084369,0.02482016307022329,0.02482016307022329,0.02482016307022329,0.02482016307022329,0.02482016307022329,0.02482016307022329,0.02482016307022329
img_01771.jpg,0.025466226949168114,0.56595310698991,0.025466226949168114,0.025466226949168114,0.025466226949168114,0.28124953131508124,0.025466226949168114,0.025466226949168114
