image,NoF,ALB,BET,DOL,LAG,OTHER,SHARK,YFT
img_00005.jpg,0.9339622641509433,0.009433962264150943,0.009433962264150943,0.009433962264150943,0.009433962264150943,0.009433962264150943,0.009433962264150943,0.009433962264150943
img_00007.jpg,0.009433962264150943,0.009433962264150943,0.009433962264150943,0.009433962264150943,0.009433962264150943,0.009433962264150943,0.009433962264150943,0.9339622641509433
img_00009.jpg,0.051575364817309025,0.878188616859899,0.02189530489637051,0.009668142685284271,0.009668142685284271,0.009668142685284271,0.009668142685284271,0.009668142685284271
img_00018.jpg,0.056630635430636414,0.7146418802233178,0.016154513198460965,0.00964275027031155,0.00964275027031155,0.17400197006633858,0.00964275027031155,0.00964275027031155
img_00027.jpg,0.03587898148594297,0.8882373598730181,0.009717073163737723,0.009717073163737723,0.009717073163737723,0.010043870446925162,0.009717073163737723,0.026971495539162817
img_00030.jpg,0.8877517614911937,0.05520036370416732,0.009507979134106488,0.009507979134106488,0.009507979134106488,0.009507979134106488,0.009507979134106488,0.009507979134106488
img_00040.jpg,0.03423639434174336,0.009718944524093252,0.009718944524093252,0.03260469626734214,0.009718944524093252,0.018354946917557888,0.8707152687347863,0.014931860166290539
img_00046.jpg,0.9339622641509433,0.009433962264150943,0.009433962264150943,0.009433962264150943,0.009433962264150943,0.009433962264150943,0.009433962264150943,0.009433962264150943
img_00053.jpg,0.03865053107134237,0.5027115460973939,0.00956468628515801,0.00956468628515801,0.00956468628515801,0.00956468628515801,0.00956468628515801,0.41081449140547366
img_00071.jpg,0.10345831639860033,0.009574949414954195,0.009574949414954195,0.009574949414954195,0.8386701905378845,0.009574949414954195,0.009574949414954195,0.009996745988744168
img_00075.jpg,0.00945539064544106,0.9338122654819125,0.00945539064544106,0.00945539064544106,0.00945539064544106,0.00945539064544106,0.00945539064544106,0.00945539064544106
img_00102.jpg,0.014194935066629872,0.00945595323149465,0.00945595323149465,0.00945595323149465,0.00945595323149465,0.00945595323149465,0.00945595323149465,0.9290693455444021
img_00103.jpg,0.06183136497191773,0.8808626317786666,0.009551000541569257,0.009551000541569257,0.009551000541569257,0.009551000541569257,0.009551000541569257,0.009551000541569257
img_00109.jpg,0.009433962264150943,0.9339622641509433,0.009433962264150943,0.009433962264150943,0.009433962264150943,0.009433962264150943,0.009433962264150943,0.009433962264150943
img_00119.jpg,0.9339622641509433,0.009433962264150943,0.009433962264150943,0.009433962264150943,0.009433962264150943,0.009433962264150943,0.009433962264150943,0.009433962264150943
img_00120.jpg,0.009433962264150943,0.9339622641509433,0.009433962264150943,0.009433962264150943,0.009433962264150943,0.009433962264150943,0.009433962264150943,0.009433962264150943
img_00125.jpg,0.017630332604104536,0.9194061930694631,0.009565374651618429,0.009565374651618429,0.009565374651618429,0.009565374651618429,0.009565374651618429,0.015136601068340158
img_00128.jpg,0.009433962264150943,0.009433962264150943,0.009433962264150943,0.009433962264150943,0.009433962264150943,0.009433962264150943,0.009433962264150943,0.9339622641509433
img_00129.jpg,0.05038925030550508,0.009714584740953528,0.009714584740953528,0.7860503362017819,0.009714584740953528,0.02916857424172597,0.03777525792023238,0.06747282710789404
img_00133.jpg,0.9306433427645096,0.012685991216621282,0.00944511100314485,0.00944511100314485,0.00944511100314485,0.00944511100314485,0.00944511100314485,0.00944511100314485
img_00138.jpg,0.011237709596034724,0.9308823325874218,0.009646659636090574,0.009646659636090574,0.009646659636090574,0.009646659636090574,0.009646659636090574,0.009646659636090574
img_00141.jpg,0.04649304806925667,0.009453171657215806,0.009453171657215806,0.009453171657215806,0.009453171657215806,0.009453171657215806,0.009453171657215806,0.8967879219874485
img_00152.jpg,0.009433962264150943,0.009433962264150943,0.009433962264150943,0.009433962264150943,0.009433962264150943,0.009433962264150943,0.009433962264150943,0.9339622641509433
img_00161.jpg,0.009433962264150943,0.009433962264150943,0.009433962264150943,0.009433962264150943,0.009433962264150943,0.009433962264150943,0.009433962264150943,0.9339622641509433
img_00164.jpg,0.9339622641509433,0.009433962264150943,0.009433962264150943,0.009433962264150943,0.009433962264150943,0.009433962264150943,0.009433962264150943,0.009433962264150943
img_00170.jpg,0.009845841887630463,0.3859871750826649,0.40481569018793395,0.009805484752918592,0.0331357244332757,0.009805484752918592,0.009805484752918592,0.13679911414973916
img_00171.jpg,0.08359081335516294,0.009482006585042474,0.009482006585042474,0.009482006585042474,0.009482006585042474,0.8595171471345822,0.009482006585042474,0.009482006585042474
img_00172.jpg,0.9339622641509433,0.009433962264150943,0.009433962264150943,0.009433962264150943,0.009433962264150943,0.009433962264150943,0.009433962264150943,0.009433962264150943
img_00175.jpg,0.2924142388979285,0.009881664971613583,0.011352999960494721,0.010503444551889278,0.009881664971613583,0.6252570251673669,0.024556373377110474,0.01615258810198293
img_00180.jpg,0.018127156955262444,0.009434990179621556,0.009434990179621556,0.009434990179621556,0.009434990179621556,0.009434990179621556,0.009434990179621556,0.9252629019670082
img_00196.jpg,0.9339622641509433,0.009433962264150943,0.009433962264150943,0.009433962264150943,0.009433962264150943,0.009433962264150943,0.009433962264150943,0.009433962264150943
img_00212.jpg,0.009433962264150943,0.009433962264150943,0.009433962264150943,0.009433962264150943,0.009433962264150943,0.009433962264150943,0.009433962264150943,0.9339622641509433
img_00223.jpg,0.009812745374723032,0.7392866488659458,0.08167423967034035,0.009812745374723032,0.009812745374723032,0.10188953918575137,0.009812745374723032,0.03789859077907034
img_00230.jpg,0.07306564941924806,0.8655521093646837,0.013266016067684475,0.009623245029676729,0.009623245029676729,0.009623245029676729,0.009623245029676729,0.009623245029676729
img_00232.jpg,0.025460862302731473,0.009647943261375726,0.009647943261375726,0.009647943261375726,0.009647943261375726,0.009647943261375726,0.9044067537388685,0.02189266765152136
img_00244.jpg,0.08448635954869216,0.8584103375624541,0.009517217148142285,0.009517217148142285,0.009517217148142285,0.009517217148142285,0.009517217148142285,0.009517217148142285
img_00272.jpg,0.0772053462622843,0.8657033054156394,0.009515224720346037,0.009515224720346037,0.009515224720346037,0.009515224720346037,0.009515224720346037,0.009515224720346037
img_00280.jpg,0.0121795084929166,0.9309956893142953,0.009470800365464672,0.009470800365464672,0.009470800365464672,0.009470800365464672,0.009470800365464672,0.009470800365464672
img_00282.jpg,0.270577709080856,0.009622469914094196,0.009622469914094196,0.009622469914094196,0.009622469914094196,0.6615213486484214,0.019788592700251614,0.009622469914094196
img_00285.jpg,0.07411082020597158,0.8612524114684608,0.009542817068400612,0.009542817068400612,0.009542817068400612,0.009542817068400612,0.009542817068400612,0.01692268298356461
img_00289.jpg,0.2477859863066193,0.6089061481565559,0.025962994650051335,0.009715632909516714,0.009715632909516714,0.009715632909516714,0.009715632909516714,0.07848233924870655
img_00292.jpg,0.024837158214385476,0.9181407881940418,0.009503675598595442,0.009503675598595442,0.009503675598595442,0.009503675598595442,0.009503675598595442,0.009503675598595442
img_00302.jpg,0.10104633132051453,0.009729871459326724,0.009729871459326724,0.04528584067005438,0.009729871459326724,0.01655347050061424,0.7827707528832105,0.025153990247626073
img_00311.jpg,0.009471275266177687,0.9186058458519899,0.009471275266177687,0.009471275266177687,0.009471275266177687,0.009471275266177687,0.009471275266177687,0.02456650255094389
img_00320.jpg,0.009501780965281802,0.9298153120508195,0.013174002157489654,0.009501780965281802,0.009501780965281802,0.009501780965281802,0.009501780965281802,0.009501780965281802
img_00331.jpg,0.012646656496674393,0.19604204308914103,0.009785869235521522,0.009785869235521522,0.009785869235521522,0.028121443901735932,0.6563114902703338,0.07752075853555036
img_00358.jpg,0.04261128034926103,0.442393589623749,0.009643952364682217,0.009643952364682217,0.009643952364682217,0.009643952364682217,0.009643952364682217,0.46677536820357884
img_00374.jpg,0.03224727983987874,0.8425163459180727,0.02202548543262806,0.009648695064092456,0.009648695064092456,0.009648695064092456,0.009648695064092456,0.06461610855305064
img_00375.jpg,0.0313787775164381,0.00952789273890649,0.00952789273890649,0.8863631625003814,0.00952789273890649,0.03461859628864804,0.00952789273890649,0.00952789273890649
img_00376.jpg,0.0745348842252064,0.8678456243845375,0.009603248565042669,0.009603248565042669,0.009603248565042669,0.009603248565042669,0.009603248565042669,0.009603248565042669
img_00380.jpg,0.009433962264150943,0.9339622641509433,0.009433962264150943,0.009433962264150943,0.009433962264150943,0.009433962264150943,0.009433962264150943,0.009433962264150943
img_00383.jpg,0.04483701061803597,0.8984397136333367,0.009453879291437865,0.009453879291437865,0.009453879291437865,0.009453879291437865,0.009453879291437865,0.009453879291437865
img_00398.jpg,0.02196994448242226,0.5084673173401368,0.011735698828095139,0.009627753316215426,0.009627753316215426,0.009627753316215426,0.009627753316215426,0.41931602608448404
img_00407.jpg,0.009433962264150943,0.9339622641509433,0.009433962264150943,0.009433962264150943,0.009433962264150943,0.009433962264150943,0.009433962264150943,0.009433962264150943
img_00417.jpg,0.11212410652465889,0.009453061235215974,0.009453061235215974,0.009453061235215974,0.009453061235215974,0.009453061235215974,0.009453061235215974,0.8311575260640452
img_00432.jpg,0.14423786665734023,0.41017194534345486,0.011510265600978098,0.028831812888016797,0.009903234608140169,0.23899678030251212,0.009903234608140169,0.14644485999141754
img_00442.jpg,0.05275428298709011,0.009438728672871459,0.009438728672871459,0.009438728672871459,0.009438728672871459,0.009438728672871459,0.009438728672871459,0.8906133449756811
img_00446.jpg,0.009433962264150943,0.9339622641509433,0.009433962264150943,0.009433962264150943,0.009433962264150943,0.009433962264150943,0.009433962264150943,0.009433962264150943
img_00469.jpg,0.009652219151946265,0.8948055767713822,0.016709795534343628,0.009652219151946265,0.009652219151946265,0.009652219151946265,0.009652219151946265,0.04022353193454285
img_00473.jpg,0.08383954591970275,0.8222845411832862,0.009543233815026461,0.009543233815026461,0.009543233815026461,0.009543233815026461,0.009543233815026461,0.046159743821878735
img_00483.jpg,0.00944184319082463,0.9339070976642275,0.00944184319082463,0.00944184319082463,0.00944184319082463,0.00944184319082463,0.00944184319082463,0.00944184319082463
img_00484.jpg,0.01627618522453441,0.009593097357797354,0.009593097357797354,0.009593097357797354,0.009593097357797354,0.009593097357797354,0.009593097357797354,0.9261652306286814
img_00486.jpg,0.7622464743275296,0.18077939385867867,0.009495688635631952,0.009495688635631952,0.009495688635631952,0.009495688635631952,0.009495688635631952,0.009495688635631952
img_00487.jpg,0.9262737329571884,0.009594318945265428,0.009594318945265428,0.009594318945265428,0.009594318945265428,0.009594318945265428,0.009594318945265428,0.016160353371218975
img_00493.jpg,0.8897273028306948,0.014978508762387736,0.009805786730535785,0.009805786730535785,0.009805786730535785,0.02054854670912414,0.009805786730535785,0.0355224947756502
img_00518.jpg,0.034470252868888794,0.7323083091192013,0.009532338422784588,0.009532338422784588,0.009532338422784588,0.009532338422784588,0.009532338422784588,0.18555974589798696
img_00533.jpg,0.009433962264150943,0.009433962264150943,0.009433962264150943,0.009433962264150943,0.009433962264150943,0.009433962264150943,0.009433962264150943,0.9339622641509433
img_00538.jpg,0.03409239509282754,0.8993723802497962,0.009576254164677537,0.009576254164677537,0.009576254164677537,0.009576254164677537,0.009576254164677537,0.01865395383398862
img_00543.jpg,0.009522182481485,0.8637493612761344,0.009522182481485,0.009522182481485,0.009522182481485,0.009522182481485,0.009522182481485,0.0791175438349555
img_00550.jpg,0.09680605297206113,0.29486391116995947,0.009876175423759525,0.01593194900490878,0.009876175423759525,0.536359192719208,0.012668872589754443,0.023617670696589158
img_00551.jpg,0.022937840020290385,0.3654584022382301,0.009550703612021297,0.009550703612021297,0.009550703612021297,0.009550703612021297,0.009550703612021297,0.5638502396813729
img_00564.jpg,0.9297515174426978,0.009451187808399207,0.009451187808399207,0.009451187808399207,0.009451187808399207,0.009451187808399207,0.009451187808399207,0.013541355706906904
img_00575.jpg,0.009524421252049366,0.9216554841609598,0.009524421252049366,0.009524421252049366,0.009524421252049366,0.009524421252049366,0.009524421252049366,0.021197988326743952
img_00582.jpg,0.04381449021399811,0.8387677273855315,0.032515094010800515,0.009745557448005579,0.009745557448005579,0.010405667095936974,0.009745557448005579,0.04526034894971615
img_00584.jpg,0.009472475332193647,0.013159364384037104,0.009472475332193647,0.009472475332193647,0.009472475332193647,0.009472475332193647,0.009472475332193647,0.930005783622801
img_00587.jpg,0.009433962264150943,0.009433962264150943,0.009433962264150943,0.009433962264150943,0.009433962264150943,0.009433962264150943,0.009433962264150943,0.9339622641509433
img_00590.jpg,0.00954139484148536,0.03757399419904851,0.00954139484148536,0.00954139484148536,0.00954139484148536,0.00954139484148536,0.00954139484148536,0.9051776367520393
img_00591.jpg,0.009433962264150943,0.009433962264150943,0.009433962264150943,0.009433962264150943,0.009433962264150943,0.009433962264150943,0.009433962264150943,0.9339622641509433
img_00598.jpg,0.06324594259070167,0.8800320917257173,0.009453660947263503,0.009453660947263503,0.009453660947263503,0.009453660947263503,0.009453660947263503,0.009453660947263503
img_00599.jpg,0.016336747196808915,0.8105038944242123,0.009582043669823103,0.009582043669823103,0.009582043669823103,0.009582043669823103,0.009582043669823103,0.1252491400298632
img_00612.jpg,0.009433962264150943,0.9339622641509433,0.009433962264150943,0.009433962264150943,0.009433962264150943,0.009433962264150943,0.009433962264150943,0.009433962264150943
img_00618.jpg,0.9339622641509433,0.009433962264150943,0.009433962264150943,0.009433962264150943,0.009433962264150943,0.009433962264150943,0.009433962264150943,0.009433962264150943
img_00620.jpg,0.011798299929694063,0.6662735493299767,0.009716956921360556,0.010636603658456811,0.009716956921360556,0.009716956921360556,0.009716956921360556,0.27242371939643006
img_00642.jpg,0.00961534204924057,0.00961534204924057,0.00961534204924057,0.00961534204924057,0.9292062215145498,0.00961534204924057,0.00961534204924057,0.013101726190006695
img_00646.jpg,0.009433962264150943,0.009433962264150943,0.009433962264150943,0.009433962264150943,0.009433962264150943,0.009433962264150943,0.009433962264150943,0.9339622641509433
img_00648.jpg,0.009477165327585052,0.9051409566295883,0.009477165327585052,0.009477165327585052,0.009477165327585052,0.009477165327585052,0.009477165327585052,0.03799605140490135
img_00650.jpg,0.16317500813206237,0.4166808477577186,0.009849200131328912,0.02353291457016612,0.009849200131328912,0.1368254494576925,0.09417377235933053,0.14591360746037205
img_00654.jpg,0.009519325657814014,0.17499347321516226,0.009519325657814014,0.009519325657814014,0.009519325657814014,0.009519325657814014,0.009519325657814014,0.7678905728379536
img_00664.jpg,0.016629283893857604,0.9266400671665339,0.0094551081566014,0.0094551081566014,0.0094551081566014,0.0094551081566014,0.0094551081566014,0.0094551081566014
img_00667.jpg,0.9339622641509433,0.009433962264150943,0.009433962264150943,0.009433962264150943,0.009433962264150943,0.009433962264150943,0.009433962264150943,0.009433962264150943
img_00676.jpg,0.9339622641509433,0.009433962264150943,0.009433962264150943,0.009433962264150943,0.009433962264150943,0.009433962264150943,0.009433962264150943,0.009433962264150943
img_00697.jpg,0.03486673936725199,0.00943595028916017,0.00943595028916017,0.00943595028916017,0.00943595028916017,0.00943595028916017,0.00943595028916017,0.908517558897787
img_00708.jpg,0.009532102491901142,0.9331006524346486,0.009532102491901142,0.009532102491901142,0.009532102491901142,0.009532102491901142,0.009532102491901142,0.009706732613944544
img_00716.jpg,0.03507589111125544,0.5595232234884737,0.020423597730578693,0.01676160574276356,0.009911213126219691,0.3213691486523511,0.009911213126219691,0.027024107022138075
img_00717.jpg,0.03460961975774227,0.8376340993923094,0.07388505634441128,0.009671334251343389,0.009671334251343389,0.009671334251343389,0.009671334251343389,0.015185887500163477
img_00718.jpg,0.014641091182936565,0.9220898226407593,0.009571357021461053,0.009571357021461053,0.009571357021461053,0.009571357021461053,0.009571357021461053,0.015412301068998744
img_00723.jpg,0.7329694061856712,0.0095972846494771,0.0095972846494771,0.0095972846494771,0.0095972846494771,0.0095972846494771,0.0095972846494771,0.20944688591746613
img_00724.jpg,0.034893463768364934,0.009496656838528393,0.009496656838528393,0.009496656838528393,0.009496656838528393,0.009496656838528393,0.009496656838528393,0.9081265952004647
img_00726.jpg,0.009499429960006222,0.9335039902799563,0.009499429960006222,0.009499429960006222,0.009499429960006222,0.009499429960006222,0.009499429960006222,0.009499429960006222
img_00729.jpg,0.011844342920372536,0.9118142503016058,0.009731103038574987,0.009731103038574987,0.009731103038574987,0.01746618646430268,0.009731103038574987,0.019950808159419003
img_00730.jpg,0.08951706419862758,0.6129829091858289,0.009619705890123493,0.009619705890123493,0.009619705890123493,0.009619705890123493,0.009619705890123493,0.24940149716492604
img_00757.jpg,0.1026177503333764,0.8339186809275596,0.009542266437863767,0.009542266437863767,0.009542266437863767,0.009542266437863767,0.009542266437863767,0.01575223654974516
img_00760.jpg,0.018127771390105348,0.009495634354121183,0.009495634354121183,0.009495634354121183,0.9248984224851675,0.009495634354121183,0.009495634354121183,0.009495634354121183
img_00763.jpg,0.9339622641509433,0.009433962264150943,0.009433962264150943,0.009433962264150943,0.009433962264150943,0.009433962264150943,0.009433962264150943,0.009433962264150943
img_00764.jpg,0.009433962264150943,0.009433962264150943,0.009433962264150943,0.009433962264150943,0.009433962264150943,0.009433962264150943,0.009433962264150943,0.9339622641509433
img_00765.jpg,0.09147359793548485,0.010975219445305674,0.009666332067901639,0.009666332067901639,0.009666332067901639,0.8492195222797012,0.009666332067901639,0.009666332067901639
img_00772.jpg,0.016981267402090265,0.009632147385826345,0.009632147385826345,0.028872070086886744,0.009632147385826345,0.009632147385826345,0.009632147385826345,0.9059859255818912
img_00773.jpg,0.20379525464295595,0.32670397112065136,0.14214672808443093,0.04801882177910941,0.033716758063768004,0.04019115574690206,0.009927557318451725,0.19549975324373056
img_00777.jpg,0.04065855144908299,0.009539326987473897,0.009539326987473897,0.009539326987473897,0.009539326987473897,0.9021054866260736,0.009539326987473897,0.009539326987473897
img_00780.jpg,0.13945117343773422,0.009462892467474445,0.009462892467474445,0.009462892467474445,0.009462892467474445,0.009462892467474445,0.009462892467474445,0.803771471757419
img_00798.jpg,0.009543498658034204,0.9208459443268443,0.02189306372495048,0.009543498658034204,0.009543498658034204,0.009543498658034204,0.009543498658034204,0.009543498658034204
img_00808.jpg,0.12325864429662271,0.8194153861017159,0.009554328266943544,0.009554328266943544,0.009554328266943544,0.009554328266943544,0.009554328266943544,0.009554328266943544
img_00816.jpg,0.009433962264150943,0.9339622641509433,0.009433962264150943,0.009433962264150943,0.009433962264150943,0.009433962264150943,0.009433962264150943,0.009433962264150943
img_00828.jpg,0.9339622641509433,0.009433962264150943,0.009433962264150943,0.009433962264150943,0.009433962264150943,0.009433962264150943,0.009433962264150943,0.009433962264150943
img_00833.jpg,0.009909694950440744,0.7681951909073051,0.06675215440020069,0.011100788681199892,0.009909694950440744,0.03324785884543609,0.01106130280300431,0.08982331446197239
img_00837.jpg,0.017149605784690502,0.9260170875739172,0.009472217773565375,0.009472217773565375,0.009472217773565375,0.009472217773565375,0.009472217773565375,0.009472217773565375
img_00855.jpg,0.0480515216766003,0.8861305733274204,0.009559882119330386,0.009559882119330386,0.009559882119330386,0.009559882119330386,0.009559882119330386,0.01801849439932728
img_00857.jpg,0.02093296660197582,0.9218318453924,0.009539198000937343,0.009539198000937343,0.009539198000937343,0.009539198000937343,0.009539198000937343,0.009539198000937343
img_00858.jpg,0.009433962264150943,0.9339622641509433,0.009433962264150943,0.009433962264150943,0.009433962264150943,0.009433962264150943,0.009433962264150943,0.009433962264150943
img_00865.jpg,0.009438305619924954,0.9339318606605252,0.009438305619924954,0.009438305619924954,0.009438305619924954,0.009438305619924954,0.009438305619924954,0.009438305619924954
img_00876.jpg,0.9339622641509433,0.009433962264150943,0.009433962264150943,0.009433962264150943,0.009433962264150943,0.009433962264150943,0.009433962264150943,0.009433962264150943
img_00889.jpg,0.9339622641509433,0.009433962264150943,0.009433962264150943,0.009433962264150943,0.009433962264150943,0.009433962264150943,0.009433962264150943,0.009433962264150943
img_00894.jpg,0.4101938895645883,0.380242225619414,0.025034928603707415,0.01870962364778984,0.013386569002065104,0.015400475981120182,0.022713439284098694,0.11431884829721643
img_00902.jpg,0.023945227587583842,0.009561222763648033,0.009561222763648033,0.009561222763648033,0.009561222763648033,0.009561222763648033,0.9102210194586419,0.018027639135534103
img_00914.jpg,0.009433962264150943,0.009433962264150943,0.009433962264150943,0.009433962264150943,0.009433962264150943,0.009433962264150943,0.009433962264150943,0.9339622641509433
img_00921.jpg,0.009433962264150943,0.9339622641509433,0.009433962264150943,0.009433962264150943,0.009433962264150943,0.009433962264150943,0.009433962264150943,0.009433962264150943
img_00927.jpg,0.009433962264150943,0.009433962264150943,0.009433962264150943,0.009433962264150943,0.009433962264150943,0.009433962264150943,0.009433962264150943,0.9339622641509433
img_00943.jpg,0.05273805055656299,0.8567314530394596,0.00955176632015291,0.00955176632015291,0.00955176632015291,0.00955176632015291,0.00955176632015291,0.0427716648032128
img_00948.jpg,0.9291177358975977,0.009456964372348012,0.009456964372348012,0.009456964372348012,0.009456964372348012,0.009456964372348012,0.009456964372348012,0.014140477868314216
img_00950.jpg,0.9339622641509433,0.009433962264150943,0.009433962264150943,0.009433962264150943,0.009433962264150943,0.009433962264150943,0.009433962264150943,0.009433962264150943
img_00959.jpg,0.009433962264150943,0.9339622641509433,0.009433962264150943,0.009433962264150943,0.009433962264150943,0.009433962264150943,0.009433962264150943,0.009433962264150943
img_00962.jpg,0.009433962264150943,0.009433962264150943,0.009433962264150943,0.009433962264150943,0.009433962264150943,0.009433962264150943,0.009433962264150943,0.9339622641509433
img_00964.jpg,0.009433962264150943,0.009433962264150943,0.009433962264150943,0.9339622641509433,0.009433962264150943,0.009433962264150943,0.009433962264150943,0.009433962264150943
img_00966.jpg,0.906675116999844,0.021026027037619306,0.009738683841099686,0.009738683841099686,0.009738683841099686,0.009738683841099686,0.01057613336842386,0.022767987229713998
img_00974.jpg,0.06243499230289377,0.8604422650765086,0.009602962170895568,0.009602962170895568,0.009602962170895568,0.009602962170895568,0.009602962170895568,0.02910793176611983
img_00979.jpg,0.07321817459903437,0.00947416400756927,0.00947416400756927,0.00947416400756927,0.00947416400756927,0.00947416400756927,0.00947416400756927,0.8699368413555499
img_00982.jpg,0.6095017583646425,0.010265924488705308,0.009625417853955424,0.009625417853955424,0.009625417853955424,0.009625417853955424,0.009625417853955424,0.3321052278768751
img_00985.jpg,0.009433962264150943,0.9339622641509433,0.009433962264150943,0.009433962264150943,0.009433962264150943,0.009433962264150943,0.009433962264150943,0.009433962264150943
img_00999.jpg,0.034803339147325425,0.9080445650291281,0.009525349303924395,0.009525349303924395,0.009525349303924395,0.009525349303924395,0.009525349303924395,0.009525349303924395
img_01022.jpg,0.08846313309137088,0.8547534180328273,0.009463908145966949,0.009463908145966949,0.009463908145966949,0.009463908145966949,0.009463908145966949,0.009463908145966949
img_01031.jpg,0.029465290661143485,0.23952705895581158,0.009635509045335935,0.009635509045335935,0.009635509045335935,0.6828301051563652,0.009635509045335935,0.009635509045335935
img_01035.jpg,0.009433962264150943,0.009433962264150943,0.009433962264150943,0.009433962264150943,0.009433962264150943,0.9339622641509433,0.009433962264150943,0.009433962264150943
img_01043.jpg,0.9137934941716579,0.029538149118179174,0.009444726118360489,0.009444726118360489,0.009444726118360489,0.009444726118360489,0.009444726118360489,0.009444726118360489
img_01058.jpg,0.02011652717625394,0.9117048304836747,0.009525791300596154,0.009525791300596154,0.009525791300596154,0.009525791300596154,0.009525791300596154,0.020549685837090576
img_01059.jpg,0.009433962264150943,0.009433962264150943,0.009433962264150943,0.009433962264150943,0.009433962264150943,0.009433962264150943,0.009433962264150943,0.9339622641509433
img_01090.jpg,0.9339622641509433,0.009433962264150943,0.009433962264150943,0.009433962264150943,0.009433962264150943,0.009433962264150943,0.009433962264150943,0.009433962264150943
img_01102.jpg,0.011953542968001309,0.009638522545266143,0.05685799799400538,0.009638522545266143,0.016288281901563867,0.009638522545266143,0.009638522545266143,0.8763460869553649
img_01103.jpg,0.03293886525104103,0.035649266621756596,0.009986597126578688,0.009771795490902091,0.009771795490902091,0.009771795490902091,0.009771795490902091,0.8823380890370153
img_01116.jpg,0.00965943062022567,0.8834516538616303,0.03403378287524151,0.00965943062022567,0.00965943062022567,0.03421741016199983,0.00965943062022567,0.00965943062022567
img_01134.jpg,0.00960798976695661,0.9071123835510003,0.00960798976695661,0.00960798976695661,0.00960798976695661,0.00960798976695661,0.00960798976695661,0.03523967784726
img_01142.jpg,0.9339622641509433,0.009433962264150943,0.009433962264150943,0.009433962264150943,0.009433962264150943,0.009433962264150943,0.009433962264150943,0.009433962264150943
img_01168.jpg,0.06107908003863276,0.00955951210546737,0.00955951210546737,0.00955951210546737,0.00955951210546737,0.2015755180223628,0.6895478414116676,0.00955951210546737
img_01171.jpg,0.9338062182059305,0.009456254542009926,0.009456254542009926,0.009456254542009926,0.009456254542009926,0.009456254542009926,0.009456254542009926,0.009456254542009926
img_01177.jpg,0.9337057039408815,0.009470613722731204,0.009470613722731204,0.009470613722731204,0.009470613722731204,0.009470613722731204,0.009470613722731204,0.009470613722731204
img_01179.jpg,0.009433962264150943,0.9339622641509433,0.009433962264150943,0.009433962264150943,0.009433962264150943,0.009433962264150943,0.009433962264150943,0.009433962264150943
img_01188.jpg,0.049191026043633235,0.009548358879737404,0.009548358879737404,0.009548358879737404,0.009548358879737404,0.8935188206779423,0.009548358879737404,0.009548358879737404
img_01198.jpg,0.01453630426733901,0.9285976047806127,0.00947768182534138,0.00947768182534138,0.00947768182534138,0.00947768182534138,0.00947768182534138,0.00947768182534138
img_01204.jpg,0.9339622641509433,0.009433962264150943,0.009433962264150943,0.009433962264150943,0.009433962264150943,0.009433962264150943,0.009433962264150943,0.009433962264150943
img_01208.jpg,0.9339622641509433,0.009433962264150943,0.009433962264150943,0.009433962264150943,0.009433962264150943,0.009433962264150943,0.009433962264150943,0.009433962264150943
img_01211.jpg,0.1415827355774861,0.2988539274247635,0.4876814537927472,0.009671329582196932,0.009671329582196932,0.009671329582196932,0.009671329582196932,0.033196564876215404
img_01213.jpg,0.03595904882050776,0.8591601124109481,0.0568323700608585,0.009609693741537122,0.009609693741537122,0.009609693741537122,0.009609693741537122,0.009609693741537122
img_01222.jpg,0.02323204383190328,0.8991163013434403,0.009575469752187609,0.009575469752187609,0.009575469752187609,0.009575469752187609,0.009575469752187609,0.029774306063718246
img_01224.jpg,0.053912351375922825,0.009445279640533466,0.009445279640533466,0.009445279640533466,0.009445279640533466,0.009445279640533466,0.009445279640533466,0.8894159707808763
img_01237.jpg,0.5860544502929771,0.00955218226618591,0.00955218226618591,0.00955218226618591,0.00955218226618591,0.00955218226618591,0.00955218226618591,0.3566324561099074
img_01249.jpg,0.9339622641509433,0.009433962264150943,0.009433962264150943,0.009433962264150943,0.009433962264150943,0.009433962264150943,0.009433962264150943,0.009433962264150943
img_01253.jpg,0.009433962264150943,0.009433962264150943,0.009433962264150943,0.009433962264150943,0.009433962264150943,0.009433962264150943,0.009433962264150943,0.9339622641509433
img_01286.jpg,0.01596364580255552,0.009448491887770779,0.009448491887770779,0.009448491887770779,0.009448491887770779,0.009448491887770779,0.009448491887770779,0.9273454028708198
img_01289.jpg,0.009433962264150943,0.009433962264150943,0.009433962264150943,0.009433962264150943,0.009433962264150943,0.009433962264150943,0.009433962264150943,0.9339622641509433
img_01325.jpg,0.9339622641509433,0.009433962264150943,0.009433962264150943,0.009433962264150943,0.009433962264150943,0.009433962264150943,0.009433962264150943,0.009433962264150943
img_01328.jpg,0.05483805449202977,0.8882455825320956,0.009486060495979097,0.009486060495979097,0.009486060495979097,0.009486060495979097,0.009486060495979097,0.009486060495979097
img_01366.jpg,0.6172003989121229,0.009706782537786824,0.009706782537786824,0.009706782537786824,0.009706782537786824,0.3207087007905314,0.013556987608411565,0.009706782537786824
img_01371.jpg,0.00970840137481798,0.9336625920962335,0.00943816775482475,0.00943816775482475,0.00943816775482475,0.00943816775482475,0.00943816775482475,0.00943816775482475
img_01373.jpg,0.7330211243791649,0.20987831264428225,0.009516760496092144,0.009516760496092144,0.009516760496092144,0.009516760496092144,0.009516760496092144,0.009516760496092144
img_01377.jpg,0.8835433179376563,0.059584978968456825,0.009478617182314481,0.009478617182314481,0.009478617182314481,0.009478617182314481,0.009478617182314481,0.009478617182314481
img_01379.jpg,0.009433962264150943,0.9339622641509433,0.009433962264150943,0.009433962264150943,0.009433962264150943,0.009433962264150943,0.009433962264150943,0.009433962264150943
img_01384.jpg,0.025449073047240926,0.027537743598073764,0.04381440028634784,0.020061546575107517,0.009881376087348407,0.8424924059522101,0.009881376087348407,0.020882078366323022
img_01388.jpg,0.009441417054615727,0.9339100806176899,0.009441417054615727,0.009441417054615727,0.009441417054615727,0.009441417054615727,0.009441417054615727,0.009441417054615727
img_01392.jpg,0.009433962264150943,0.009433962264150943,0.009433962264150943,0.9339622641509433,0.009433962264150943,0.009433962264150943,0.009433962264150943,0.009433962264150943
img_01399.jpg,0.00976972428511789,0.00976972428511789,0.9148448397575216,0.018196428598461,0.00976972428511789,0.012650057249933852,0.00976972428511789,0.015229777253611963
img_01404.jpg,0.09926349717480537,0.8438288250522026,0.00948461296216533,0.00948461296216533,0.00948461296216533,0.00948461296216533,0.00948461296216533,0.00948461296216533
img_01405.jpg,0.009433962264150943,0.9339622641509433,0.009433962264150943,0.009433962264150943,0.009433962264150943,0.009433962264150943,0.009433962264150943,0.009433962264150943
img_01413.jpg,0.009433962264150943,0.9339622641509433,0.009433962264150943,0.009433962264150943,0.009433962264150943,0.009433962264150943,0.009433962264150943,0.009433962264150943
img_01426.jpg,0.052601389385223,0.009543997447370516,0.009543997447370516,0.009543997447370516,0.009543997447370516,0.009543997447370516,0.8773719107055196,0.022306712672404812
img_01431.jpg,0.01056064996119021,0.009553579957633408,0.009553579957633408,0.009553579957633408,0.9276066752937658,0.009553579957633408,0.009553579957633408,0.014064774956876875
img_01441.jpg,0.009433962264150943,0.009433962264150943,0.009433962264150943,0.009433962264150943,0.009433962264150943,0.009433962264150943,0.009433962264150943,0.9339622641509433
img_01444.jpg,0.0526896684319491,0.009455036037883224,0.009455036037883224,0.009455036037883224,0.009455036037883224,0.009455036037883224,0.009455036037883224,0.8905801153407515
img_01490.jpg,0.009433962264150943,0.009433962264150943,0.009433962264150943,0.009433962264150943,0.009433962264150943,0.009433962264150943,0.009433962264150943,0.9339622641509433
img_01495.jpg,0.10654480358981627,0.17136911120579698,0.01599530668575775,0.009705414593542206,0.009705414593542206,0.009705414593542206,0.009705414593542206,0.6672691201444602
img_01505.jpg,0.9339622641509433,0.009433962264150943,0.009433962264150943,0.009433962264150943,0.009433962264150943,0.009433962264150943,0.009433962264150943,0.009433962264150943
img_01511.jpg,0.10509066290122146,0.8277125422282088,0.009606102949973683,0.009606102949973683,0.009606102949973683,0.009606102949973683,0.009606102949973683,0.01916628012070126
img_01519.jpg,0.012932396974166725,0.9301328560461125,0.009489124496620127,0.009489124496620127,0.009489124496620127,0.009489124496620127,0.009489124496620127,0.009489124496620127
img_01530.jpg,0.00959663568489849,0.8121312514598213,0.0979709965612553,0.00959663568489849,0.00959663568489849,0.00959663568489849,0.00959663568489849,0.04191457355443085
img_01537.jpg,0.009844226228475784,0.8176140431064909,0.010480779839158154,0.012497235611125628,0.009844226228475784,0.10597747831792659,0.009844226228475784,0.02389778443987135
img_01538.jpg,0.02071050634590399,0.9218475604438177,0.009573655535046384,0.009573655535046384,0.009573655535046384,0.009573655535046384,0.009573655535046384,0.009573655535046384
img_01541.jpg,0.9339622641509433,0.009433962264150943,0.009433962264150943,0.009433962264150943,0.009433962264150943,0.009433962264150943,0.009433962264150943,0.009433962264150943
img_01543.jpg,0.01947704813310128,0.9206641049554268,0.009525418529691113,0.009525418529691113,0.009525418529691113,0.009525418529691113,0.009525418529691113,0.012231754263016224
img_01548.jpg,0.010380063117460953,0.8427791996774422,0.0351351335893519,0.00975592044904219,0.00975592044904219,0.07268192181957618,0.00975592044904219,0.00975592044904219
img_01552.jpg,0.009433962264150943,0.9339622641509433,0.009433962264150943,0.009433962264150943,0.009433962264150943,0.009433962264150943,0.009433962264150943,0.009433962264150943
img_01561.jpg,0.9339622641509433,0.009433962264150943,0.009433962264150943,0.009433962264150943,0.009433962264150943,0.009433962264150943,0.009433962264150943,0.009433962264150943
img_01562.jpg,0.009433962264150943,0.9339622641509433,0.009433962264150943,0.009433962264150943,0.009433962264150943,0.009433962264150943,0.009433962264150943,0.009433962264150943
img_01571.jpg,0.009539551419141474,0.910998089066753,0.011873961846913656,0.009539551419141474,0.009539551419141474,0.009539551419141474,0.009539551419141474,0.029430191990625958
img_01593.jpg,0.009598677541820868,0.8156713504005612,0.009598677541820868,0.009598677541820868,0.009598677541820868,0.009598677541820868,0.009598677541820868,0.12673658434851356
img_01595.jpg,0.8929085781737253,0.009534829199950249,0.009534829199950249,0.01076494009941765,0.009534829199950249,0.009534829199950249,0.009534829199950249,0.04865233572710579
img_01616.jpg,0.017758845914332796,0.7839443100105818,0.10159069108965013,0.009655964688839242,0.009655964688839242,0.009655964688839242,0.009655964688839242,0.05808229423007817
img_01618.jpg,0.009433962264150943,0.9339622641509433,0.009433962264150943,0.009433962264150943,0.009433962264150943,0.009433962264150943,0.009433962264150943,0.009433962264150943
img_01627.jpg,0.033760291197667866,0.9094506641356724,0.009464840777776611,0.009464840777776611,0.009464840777776611,0.009464840777776611,0.009464840777776611,0.009464840777776611
img_01632.jpg,0.061040447512974584,0.8678000545173541,0.019826623271089562,0.00969564466518274,0.00969564466518274,0.012550296037850767,0.00969564466518274,0.00969564466518274
img_01633.jpg,0.02203852641674214,0.9212462054057394,0.009452544696253057,0.009452544696253057,0.009452544696253057,0.009452544696253057,0.009452544696253057,0.009452544696253057
img_01640.jpg,0.009498928645671588,0.901092768172024,0.009498928645671588,0.009498928645671588,0.009498928645671588,0.009498928645671588,0.009498928645671588,0.04191365995394641
img_01646.jpg,0.0710090533035245,0.8720223704346333,0.009494762710307029,0.009494762710307029,0.009494762710307029,0.009494762710307029,0.009494762710307029,0.009494762710307029
img_01647.jpg,0.8949268989486732,0.03270253383908389,0.009554996847244384,0.009554996847244384,0.009554996847244384,0.009554996847244384,0.009554996847244384,0.024595582976021012
img_01649.jpg,0.026750451662562357,0.9164539053915159,0.009465940490986945,0.009465940490986945,0.009465940490986945,0.009465940490986945,0.009465940490986945,0.009465940490986945
img_01657.jpg,0.0383972129530045,0.0095404264658742,0.0095404264658742,0.7996151158209679,0.0095404264658742,0.0095404264658742,0.0095404264658742,0.11428553889665655
img_01669.jpg,0.009509557090695885,0.009509557090695885,0.009509557090695885,0.009509557090695885,0.9266138916154928,0.009509557090695885,0.009509557090695885,0.016328765840331872
img_01673.jpg,0.07275985303071145,0.7776206223600781,0.009607505332119716,0.009607505332119716,0.009607505332119716,0.009607505332119716,0.009607505332119716,0.10158199794861185
img_01681.jpg,0.009433962264150943,0.009433962264150943,0.009433962264150943,0.009433962264150943,0.009433962264150943,0.009433962264150943,0.009433962264150943,0.9339622641509433
img_01684.jpg,0.020710354855951223,0.9221098421049184,0.009529967173188388,0.009529967173188388,0.009529967173188388,0.009529967173188388,0.009529967173188388,0.009529967173188388
img_01685.jpg,0.9339622641509433,0.009433962264150943,0.009433962264150943,0.009433962264150943,0.009433962264150943,0.009433962264150943,0.009433962264150943,0.009433962264150943
img_01687.jpg,0.11227094670375358,0.1823182215461441,0.009549949319591734,0.009549949319591734,0.009549949319591734,0.009549949319591734,0.009549949319591734,0.6576610851521436
img_01688.jpg,0.14051620848033577,0.009445916623579364,0.009445916623579364,0.009445916623579364,0.009445916623579364,0.009445916623579364,0.009445916623579364,0.802808291778188
img_01689.jpg,0.05379368162861435,0.009464702818506417,0.009464702818506417,0.009464702818506417,0.009464702818506417,0.009464702818506417,0.009464702818506417,0.889418101460347
img_01716.jpg,0.9339622641509433,0.009433962264150943,0.009433962264150943,0.009433962264150943,0.009433962264150943,0.009433962264150943,0.009433962264150943,0.009433962264150943
img_01717.jpg,0.9336491100642068,0.009478698562256156,0.009478698562256156,0.009478698562256156,0.009478698562256156,0.009478698562256156,0.009478698562256156,0.009478698562256156
img_01724.jpg,0.009584997012437544,0.9038104474359357,0.009584997012437544,0.009584997012437544,0.009584997012437544,0.03867957048943898,0.009584997012437544,0.009584997012437544
