image,NoF,ALB,BET,DOL,LAG,OTHER,SHARK,YFT
img_00005.jpg,0.9959863125576845,0.0012349650542168018,0.00027755581170580323,0.0004613088105185554,0.0007711162958485821,0.000456836437718027,0.00035664149544735457,0.0004552635368603407
img_00007.jpg,0.010897289948723817,0.008824532027441894,0.007500158224144322,0.0017504504817567577,0.0008994878167068841,0.00029566782835628266,0.0017038825191525496,0.9681285311537174
img_00009.jpg,0.019001480817526114,0.9369795065400242,0.028742881701817435,0.0008058674366004726,0.0007280655741428641,0.011414124844680271,0.0007300105333741011,0.0015980625518346636
img_00018.jpg,0.016001186074363693,0.9639657917647381,0.013455415396344792,0.0002860652776633445,0.0005715890454783517,0.004234770303461398,0.0003595492201890922,0.0011256329177613017
img_00027.jpg,0.012021229955120921,0.837999112052185,0.05674402398327101,0.006648028987202961,0.004405260835136392,0.05801221885022554,0.0038823198422943722,0.020287805494563875
img_00030.jpg,0.9900876813654326,0.002827256561724534,0.0005530436684005578,0.000639723368384342,0.0023642648800587585,0.0018098557563414254,0.0008468304457947545,0.000871343953862946
img_00040.jpg,0.0898799938168167,0.01021316755936077,0.002147288161787922,0.016230567483708016,0.003660450456820251,0.1366325959186784,0.7328086103790084,0.008427326223819588
img_00046.jpg,0.9973871100425374,0.0012048552463790815,0.00011220919595759615,0.00018513388385325152,0.00034643881899902584,0.0003342827952155859,0.00021303495963357065,0.00021693505742445557
img_00053.jpg,0.05152392239854393,0.8824852559784055,0.010610510683519843,0.005316636052694965,0.005855795001532904,0.01073751887889923,0.003088382284250011,0.03038197872215376
img_00071.jpg,0.12200474045374729,0.006183179589795094,0.012197176222321663,0.0038585933436827142,0.8314223060508985,0.013347684410358553,0.004224815926399265,0.00676150400279706
img_00075.jpg,0.0182401866245944,0.9395561062303504,0.011204977000547005,0.0008814732732323084,0.0014530459414415697,0.009360782657924066,0.0009303343650042525,0.01837309390690595
img_00102.jpg,0.026531977414595082,0.4786116715555181,0.005917121481854462,0.003325066634998153,0.0009512792130308593,0.003194312726698154,0.002214771596380611,0.4792537993769245
img_00103.jpg,0.008001906663703408,0.9830210733179966,0.00424788211859176,0.000151896059779607,0.000304398088597559,0.0034035547673809527,0.00027155102588659466,0.0005977379580637536
img_00109.jpg,0.020102323955055536,0.9715255971103217,0.001763178510753089,0.0003491557892565769,0.0006009019012993341,0.0035254744304315778,0.0005712556878402808,0.0015621126150420141
img_00119.jpg,0.9988228630226439,0.00037469681237359314,7.717560721230243e-05,0.00010769374391463042,0.00026290890077095133,0.00011349663250790552,0.00010415433373453154,0.0001370109468422664
img_00120.jpg,0.027109677244504457,0.9443802959646658,0.007774485350507959,0.0013708576062562647,0.001769382782160062,0.007775419839252773,0.0018147660234817016,0.008005115189170898
img_00125.jpg,0.010846149552705922,0.9673292950920745,0.011959625897832575,0.00038191424003876113,0.001107763501596098,0.004418890003499359,0.0007692794864750965,0.003187082225777608
img_00128.jpg,0.02806013610085627,0.012688081396639458,0.01294337226410547,0.0185553928585256,0.0016493044256381396,0.003480850327439295,0.008422099665287366,0.9142007629615083
img_00129.jpg,0.11746822748654084,0.13366081407864977,0.0358062189413358,0.056621422056177685,0.00696114226148131,0.14360815306734612,0.13476062121908128,0.37111340088938716
img_00133.jpg,0.9866134676810054,0.008258150340681412,0.0002798980310113826,0.000667074509035767,0.0017822819032018455,0.0009093170100013876,0.0006529775862596446,0.0008368329388027937
img_00138.jpg,0.040089531451645774,0.8585208436696055,0.024766892050375633,0.005757855705376569,0.0065773208399250585,0.016534022577118942,0.003982888008150269,0.04377064569780225
img_00141.jpg,0.006120881038221254,0.0017735475744000244,0.010973951725481351,0.0022069115117202896,0.0007546628820979928,0.0002467736208180142,0.001116095618104376,0.9768071760291568
img_00152.jpg,0.07157614179466948,0.6347669123673689,0.01859720167480579,0.008406584617109173,0.0059854454092447065,0.014463446021458243,0.008736018295010146,0.23746824982033357
img_00161.jpg,0.012797326089618198,0.0009303134537130854,0.001729776451764662,0.0019494897107794067,0.0005174703447757791,0.0001266827714665527,0.001880558671600685,0.9800683825062816
img_00164.jpg,0.9951420936533086,0.0009738181695220517,0.0004337317867794455,0.0005284511343272572,0.001142352414085134,0.00048404159154463207,0.0005826241413157944,0.0007128871091169932
img_00170.jpg,0.07496138349907813,0.05609041929399332,0.7187626625161109,0.01080449059190929,0.06982607781833473,0.02753154050659622,0.006234714578212665,0.03578871119576482
img_00171.jpg,0.6995599999534916,0.009621582807603895,0.0032463041562162537,0.009824333389254201,0.004342978955003042,0.2636641321311002,0.002937877976915949,0.006802790630414898
img_00172.jpg,0.9956208577693475,0.002994107662396163,7.638684518120437e-05,0.00016606398665477726,0.00023102032072769778,0.00038234972586660427,0.00019739327383735725,0.0003318204159888131
img_00175.jpg,0.4999046839098248,0.010595817006438971,0.004298902368291387,0.016291328128663393,0.004552692844489268,0.44481082639848063,0.003963615909693296,0.015582133434118236
img_00180.jpg,0.023860108024747473,0.0007472164585004198,0.000697157162039884,0.002292509668579075,0.0005277624264549139,0.00013322339007226019,0.0009697737250389673,0.9707722491445668
img_00196.jpg,0.9985127867767545,0.0004667227640394639,9.51268435536148e-05,0.00013556480023951622,0.0003292206978963418,0.0001447576019130383,0.00013722140652817905,0.00017859910907534458
img_00212.jpg,0.018004991267159914,0.022917370880254577,0.018211236061067115,0.007117859517941181,0.007215151043251534,0.001723281985271917,0.0062393708895634,0.9185707383554903
img_00223.jpg,0.03341570248746735,0.8602218774645778,0.021857769355399626,0.0074875881065218745,0.009327406346309467,0.02875877381822369,0.009241652057855798,0.029689230363644313
img_00230.jpg,0.0066334972024282984,0.9727812551898967,0.01153669349923604,0.00040117868725163996,0.0007730901168505307,0.005365444380388209,0.0006388643980928782,0.001869976525855656
img_00232.jpg,0.039171221967783894,0.008163251471123836,0.008874775462755469,0.008299399123886341,0.0017551396530583576,0.07853804546003078,0.8465237692943115,0.008674397567049677
img_00244.jpg,0.013738359625205672,0.9661664946921439,0.011945169957727332,0.00030356679796785706,0.0009860810250285196,0.004724644701909416,0.000541687838521972,0.0015939953614953815
img_00272.jpg,0.07012477636868358,0.8594109015201183,0.021334469010721526,0.003291660231260588,0.007681663406766657,0.0219284297631995,0.00600267326799,0.010225426431259845
img_00280.jpg,0.09767343073342134,0.8623173585209928,0.006194882964300097,0.002660384454321372,0.002489557199973509,0.006098811079429601,0.0027359275687927074,0.019829647478768548
img_00282.jpg,0.18046259277069135,0.01603803578924131,0.006394690754972882,0.010427995901123461,0.00468726674332296,0.7703545321543752,0.004794522506369478,0.006840363379903273
img_00285.jpg,0.022072344057323855,0.939580791443648,0.011128657603017057,0.0010134826234563864,0.0012522617675440923,0.0049301100777246675,0.0016634417608513091,0.018358910666434625
img_00289.jpg,0.18131729249353776,0.7896603782793338,0.007926111539280804,0.0013626655356500056,0.0014683730435870314,0.0037789639827161504,0.0015772803535478628,0.01290893477234657
img_00292.jpg,0.028600207574921866,0.9341909086343315,0.011535277173962667,0.0013494408715161012,0.0015331770163931721,0.017591625259533027,0.001997388008028559,0.0032019754613129715
img_00302.jpg,0.03828908740940488,0.015401690518238371,0.003626169131808847,0.022693427363568032,0.005108738837211789,0.2441891469749869,0.6595852553332286,0.011106484431552583
img_00311.jpg,0.010987552644125667,0.9441758126235522,0.00373590450944196,0.0005605179587087586,0.0007774673585486526,0.0017310524534429324,0.0006015714056215974,0.03743012104655823
img_00320.jpg,0.013190146525433726,0.9127525327017938,0.01501770485533942,0.002219491996600922,0.002497180893275365,0.047502779577852955,0.00305682188045229,0.0037633415692513933
img_00331.jpg,0.06209524422165007,0.673479130859071,0.022167266395218977,0.007498316957143859,0.0065990821439445265,0.09400452762901004,0.08190188085033609,0.05225455094362557
img_00358.jpg,0.06881145768364252,0.3777865312066873,0.11592562629661796,0.027627382599315197,0.008052536499213128,0.023161914093618972,0.021630527072351326,0.35700402454855357
img_00374.jpg,0.037591521507065496,0.905865873807663,0.015444510600991994,0.0018802770888109723,0.003811750271023028,0.006119348823376667,0.0024496228416285015,0.02683709505944016
img_00375.jpg,0.07528460153799157,0.0015301220711811934,0.02551969357094608,0.7737834416454098,0.002445811410868475,0.11065707207557324,0.0037771946692482503,0.007002063018781467
img_00376.jpg,0.02790776350215344,0.953158386255279,0.0038055441558479857,0.0006856701489462625,0.0013696444380614423,0.005928691646510848,0.0023350108347787416,0.004809289018422102
img_00380.jpg,0.013157226240849015,0.9657604950802504,0.00576331936865949,0.0006521217585205405,0.0011888989157927258,0.003642279733393858,0.0008979729117530979,0.008937685990781074
img_00383.jpg,0.010335566853048634,0.9847408248032424,0.0016629382391244168,0.00012661817387131676,0.0003172948551029694,0.0016718487372337743,0.0002472945437063065,0.0008976137946701368
img_00398.jpg,0.014240216686620262,0.9700284819099171,0.005415280453208563,0.00045595445480724265,0.0010050475163130854,0.0031213020687288397,0.0006603254476933193,0.005073391462711632
img_00407.jpg,0.03207979077023749,0.9524914337454552,0.0025275783880863768,0.0007015954104427099,0.0011251860574176635,0.004921176601340351,0.0011927934341884351,0.0049604455928317975
img_00417.jpg,0.01697850808865103,0.007128778816120911,0.015555865889280518,0.005383766992013876,0.004755828934173119,0.0009455145430654251,0.004199052364259467,0.9450526843724355
img_00432.jpg,0.1313538729725977,0.6141536851482511,0.009481264177696925,0.011101737441796303,0.005878643619041791,0.2136315006439879,0.005816348131521584,0.008582947865106542
img_00442.jpg,0.008561576249297676,0.00282775047152651,0.003573134011614726,0.0012266973845073221,0.0006211195329535765,0.00015739251283420296,0.001002599126218102,0.9820297307110476
img_00446.jpg,0.015232185307742589,0.9684886519160504,0.006387049393534244,0.0003107989369100467,0.001031926480494609,0.0038584003440942445,0.0006886217941890361,0.004002365826984845
img_00469.jpg,0.007830842926523463,0.960906314318791,0.012400571205842521,0.0006928891277052531,0.0011561292888779113,0.014042404655628801,0.0009428685037376254,0.002027979972893288
img_00473.jpg,0.014585167540058489,0.9661330207422114,0.003782294822824451,0.0005702149923827687,0.0009898853361447705,0.005293888474158774,0.0012413410109874306,0.007404187081231894
img_00483.jpg,0.029361266427995636,0.9353536601376898,0.023634989768363805,0.0003293663089030873,0.0005824379457833124,0.0022195819694140286,0.0008140124804180152,0.007704684961432371
img_00484.jpg,0.01972159334924394,0.03986501633617288,0.03374601685963846,0.003144502152850605,0.0035902779785641596,0.0013368498781257407,0.003343733202542684,0.8952520102428617
img_00486.jpg,0.18026630032700935,0.379564337271792,0.03906958645673015,0.017253351178064674,0.26618819946192235,0.060040179043386564,0.016810464549876093,0.04080758171121879
img_00487.jpg,0.8663281376611958,0.02127253357141898,0.0060292772937610645,0.01648580739623919,0.038786762101251655,0.017730163209032437,0.00873974135739091,0.024627577409709996
img_00493.jpg,0.9972303724896028,0.0009643633546723586,0.00015927231325811245,0.000271226315552722,0.0005301955257486584,0.00034152318829217443,0.0002477495495862158,0.0002552972632870503
img_00518.jpg,0.015634905318773182,0.9717085517600849,0.0018840993955623983,0.00037845203575227596,0.0005948227920804818,0.0018432938333223172,0.000667282960530846,0.007288591903893727
img_00533.jpg,0.03680081045019661,0.39461111543255256,0.15210386332833267,0.02476237940507852,0.0055872521746816355,0.011070258102151849,0.012705063011427622,0.3623592580955784
img_00538.jpg,0.015868410828871988,0.9675230030832204,0.0023897840968130205,0.0005578318056678506,0.001147514911931457,0.0074229619486490366,0.0010156494495621444,0.0040748438752840985
img_00543.jpg,0.022856012140065846,0.8935799223952144,0.004417131133724886,0.0008138255571258845,0.0009172737387873872,0.0014199414647312592,0.0007350716725520752,0.07526082189779812
img_00550.jpg,0.09153370981196036,0.6162789462315008,0.0035143293575919015,0.006623875588460805,0.0021361474558478683,0.2737080516854039,0.002899495783346941,0.0033054440858875157
img_00551.jpg,0.11346131859272372,0.5506525135660216,0.01191652823029091,0.007497176444342183,0.007923000508230022,0.012031221761331035,0.009821095656565505,0.28669714524049517
img_00564.jpg,0.9940940184180734,0.0033630034777633842,0.000147452066577529,0.0003366770926381636,0.0004259568469240988,0.0007942537886709009,0.0003286056776545263,0.0005100326316978431
img_00575.jpg,0.03798162666534065,0.9052466116283246,0.010553938810617317,0.0016392952225413922,0.0018394882783059178,0.005953176252778648,0.0019315341457044697,0.034854328996386935
img_00582.jpg,0.02261280567519223,0.9525739423866956,0.004704671762608982,0.0005844963111880775,0.0018951284579476148,0.005071373154801816,0.0006711372557939721,0.011886444995771687
img_00584.jpg,0.05182069846888634,0.9319532289863119,0.0016946695356440807,0.00032981577393170937,0.00046682743587351985,0.0014661988312847552,0.0005329278359866439,0.011735633132080996
img_00587.jpg,0.050084294665034564,0.018842066458636415,0.08839495900583215,0.022800673936154717,0.008329123052993468,0.0061537430598004724,0.011701330093907872,0.7936938097276406
img_00590.jpg,0.04920993314046128,0.09251038290871164,0.03322817587273958,0.005616698246574165,0.004486888435626904,0.0029176559042440957,0.0043945494591411585,0.8076357160325013
img_00591.jpg,0.11551249182448646,0.11834992659630983,0.008990763485906283,0.012693265022391643,0.00657300705628789,0.34121664575564675,0.016116986182119354,0.38054691407685176
img_00598.jpg,0.007281651987268145,0.9855678727532322,0.0017059325028629924,0.0002676078608567157,0.0006067649867418776,0.003064985475917281,0.0003335937843462167,0.0011715906487745162
img_00599.jpg,0.1608432164208027,0.5357643057817914,0.04362892849714623,0.007177452082600251,0.006754002570198733,0.010378466981072669,0.011563274037142322,0.22389035362924567
img_00612.jpg,0.04515288050687432,0.9364144775682595,0.004063314445433031,0.0008494817409143557,0.0010715361220352047,0.0053566691701156955,0.0011402685049221712,0.005951371941445796
img_00618.jpg,0.9768252987035014,0.015306669160056394,0.0007260858591239324,0.0012348398209215566,0.0012361459471045611,0.002114469699941346,0.000696761619681606,0.0018597291896690605
img_00620.jpg,0.02793714009319039,0.1887348353216814,0.20917552651873803,0.04300430965577421,0.0227643345452428,0.019186702995738273,0.007425273212154991,0.4817718776574799
img_00642.jpg,0.026720574522533822,0.005140125181781309,0.03216687234795104,0.003824745160127893,0.8983271785597746,0.012301777952524327,0.004067837651095923,0.017450888624211024
img_00646.jpg,0.010351189642604675,0.002039399775308336,0.0020926575641773268,0.005088413171209094,0.0005643368589143921,0.0005374363303691166,0.002688895480261438,0.9766376711771557
img_00648.jpg,0.044362102035016955,0.8316831766859683,0.008130217080959552,0.00195760243996605,0.0028220205397784747,0.0032909238773125814,0.002099154485866744,0.10565480285513132
img_00650.jpg,0.07197327953471143,0.18421655732310144,0.029687751884618026,0.04564267407864906,0.008551973721465938,0.31501577727721114,0.18702971908903646,0.15788226709120665
img_00654.jpg,0.025230985188145875,0.9458944984030211,0.004033351572722068,0.0008371944355315956,0.00128197182982297,0.0036776847898561194,0.0009823113916336962,0.01806200238926669
img_00664.jpg,0.03033011527150857,0.8806299651369546,0.022854793156626863,0.0024646193516161185,0.0016751149237693253,0.05565930092924653,0.0023862216646327616,0.003999869565645267
img_00667.jpg,0.9985955879421614,0.00040873006435647544,9.45518787055541e-05,0.0001369322260582422,0.00031404900765632837,0.00014149602180427593,0.0001305723368381451,0.00017808052241966585
img_00676.jpg,0.9987241309618353,0.0003823436004555285,8.601143537554409e-05,0.00012295567260462532,0.00029000332036686443,0.00012388882947730065,0.0001156700864830308,0.00015499609340186382
img_00697.jpg,0.0075567138742847805,0.0007167436071972568,0.001577734738629695,0.0007456370255011105,0.0002934992085397425,6.887601958763362e-05,0.000562108949369583,0.9884786865768902
img_00708.jpg,0.031296582475643736,0.8806644221951858,0.04764196696103026,0.0027571041769509893,0.002360761600637863,0.016515816147410985,0.003144120923213115,0.015619225519927078
img_00716.jpg,0.022830236862049005,0.022918406364533756,0.006088223655554206,0.01506122930474589,0.001193920263507779,0.9224586456802174,0.007583343646785794,0.0018659942226061583
img_00717.jpg,0.00680920870503532,0.9617875354379067,0.020086525514219775,0.0004710592839125856,0.0007683750925644337,0.007668002178464978,0.0006820721694397042,0.001727221618456346
img_00718.jpg,0.016840580587877758,0.9472971943613869,0.011593738160551745,0.0013236985755473716,0.0018549051625803763,0.005957018938007867,0.0015128708008177942,0.013619993413230268
img_00723.jpg,0.979311460567525,0.010430025532642178,0.0010278080585404744,0.0011911122143215597,0.0019864037867631124,0.002591151799692224,0.0014712923171669955,0.001990745723348446
img_00724.jpg,0.007413269237356225,0.0012952375268553838,0.0013644499411645586,0.004295475977164268,0.00040862024495954495,0.00036864292312040534,0.006426344385319381,0.9784279597640603
img_00726.jpg,0.009223002340763573,0.9650044598928749,0.01242658658026515,0.00046775571537103724,0.0005200154023106257,0.010239076288511863,0.0007839981172728902,0.0013351056626299772
img_00729.jpg,0.07357105251361722,0.47085826962220023,0.015914913225226576,0.02433049207540169,0.008220418299341788,0.3284474572589344,0.02817847317485889,0.05047892383041924
img_00730.jpg,0.015179963185391322,0.0005461639455943014,0.0004333194710542663,0.0007883338907297956,0.00020929337383165638,6.316794905442764e-05,0.0006085309217032907,0.9821712272626411
img_00757.jpg,0.022031983408139413,0.9652596926999307,0.0023956727913282097,0.0005687706994112336,0.000907077199037136,0.004163472373800157,0.0008504067970233176,0.0038229240313297553
img_00760.jpg,0.05668960903463695,0.00382450026176819,0.010412400800658287,0.0020051735873424107,0.9100438044041051,0.011193878318622405,0.0027225363547833128,0.0031080972380832295
img_00763.jpg,0.9969712512606548,0.0007954939837876263,0.00020869478961549906,0.00034074044326066935,0.0005205186271990328,0.000320493594173848,0.00034776114976041146,0.0004950461515482227
img_00764.jpg,0.013996264488478414,0.0011044536664649876,0.0017354902155662145,0.0013750418240731216,0.00046069468093830546,0.00011212200049691419,0.0007816486529966968,0.9804342844709852
img_00765.jpg,0.023080494595143494,0.07135190253821916,0.01298107365497621,0.009588294024060078,0.004984006811288221,0.8578632505884916,0.015666333708074635,0.004484644079746663
img_00772.jpg,0.03543853819112052,0.8329189397025649,0.01839828574340464,0.007432267824239639,0.0025873946237015178,0.015735371310623927,0.00377127940873546,0.08371792319560947
img_00773.jpg,0.04529875078557925,0.9114023003698211,0.006188873125477171,0.0019382827209967835,0.003714172098393159,0.013636156341163242,0.0029100774537131674,0.014911387104856224
img_00777.jpg,0.011031060058225383,0.004345983644013838,0.0005182091888910032,0.001538839946312813,0.0001654543701678366,0.9814812499864564,0.0008928999496103803,2.6302856322496168e-05
img_00780.jpg,0.016564288675285043,0.00263192944678477,0.003641810521927451,0.002355017893585534,0.0007598242231224615,0.000357528854639216,0.002493745865433998,0.9711958545192215
img_00798.jpg,0.02107560424618172,0.9707508324644198,0.0037704257833826487,0.00020246890300284367,0.0005695771517228714,0.0015353085648555005,0.0003438955838307221,0.001751887302603923
img_00808.jpg,0.009933314576757757,0.9800095498923126,0.006781856511003604,0.0001047408568542838,0.0003286873134376193,0.002019436367858145,0.0001522861968745464,0.0006701282849013184
img_00816.jpg,0.0201005786177527,0.965302470753284,0.0029390995762942104,0.0004425368146121042,0.00059926357629027,0.0023488635903354984,0.0007568642391374773,0.007510322832293653
img_00828.jpg,0.9982628475268407,0.00045070962740340287,9.185698186201786e-05,0.00026839949246107664,0.0002025251595060887,0.0001421011118082425,0.00016976001211606564,0.0004118000880025849
img_00833.jpg,0.049229156238493416,0.6933029011963362,0.11270214239939853,0.012817287385362582,0.008803536677609624,0.05991562160531619,0.013920612716318038,0.04930874178116529
img_00837.jpg,0.007552250862700935,0.9788776971234304,0.0036921163765442637,0.000529222158903264,0.0008199031820994027,0.00718259951649134,0.0004397782240155464,0.0009064325558149538
img_00855.jpg,0.022540793181721815,0.9666567925922994,0.0021995076972678674,0.00039106999286342496,0.0007353441810703977,0.005390028338616292,0.000541510913828297,0.0015449531023324153
img_00857.jpg,0.0168494697436128,0.9684182318263105,0.004776008457461756,0.0005155494624487251,0.000677423394443277,0.006348280248378473,0.0006305431324620503,0.0017844937348825503
img_00858.jpg,0.027619011037324455,0.9565944271949538,0.0032813481604839134,0.000644678561498218,0.0009353888542633929,0.006950852000845041,0.0011637728010714637,0.002810521389559685
img_00865.jpg,0.010472660058629528,0.9786144311269815,0.006398490998667367,0.00016238883171502556,0.0005371405747179909,0.0022476533842033636,0.0003259830731840414,0.0012412519519011856
img_00876.jpg,0.9983536185796447,0.0003342648101287445,0.00011526539463922005,0.00026285907552546365,0.00027305351740878876,0.00016388906704871753,0.00019221316569668852,0.00030483638990760664
img_00889.jpg,0.8699829292610697,0.06611554065949052,0.008479879546758063,0.00780850048586268,0.010218245027131449,0.011491081529395089,0.008322972605501293,0.01758085088479135
img_00894.jpg,0.24977730349034488,0.656828412228063,0.014217382823018682,0.006202775236735717,0.008638565188975962,0.013403781075246845,0.008481528139857563,0.04245025181775739
img_00902.jpg,0.07151383122248585,0.010665411408883295,0.009203445194399485,0.008794099019144765,0.0012845846412158591,0.07354354262330777,0.8148713103163184,0.01012377557424457
img_00914.jpg,0.01770187455221637,0.0006538438517821521,0.0013623494636590136,0.0009500837283898307,0.0003517717907710602,6.015551996553917e-05,0.0006127261425730169,0.978307194950643
img_00921.jpg,0.06749431305247224,0.9159627286062036,0.0032762147559567316,0.0008588534163098174,0.0016146568494867064,0.006292114105390721,0.0012761542309605938,0.003224964983219562
img_00927.jpg,0.027729872297613156,0.0028951748553256397,0.005307823493573994,0.003990019899681937,0.0016457656696897906,0.0005645756012316432,0.0019362484460631918,0.9559305197368207
img_00943.jpg,0.010113065562988495,0.9380602110265222,0.033394728049198005,0.0007716525809877416,0.0013998478346482328,0.00493974687056101,0.0018471781073726302,0.009473569967721768
img_00948.jpg,0.987024952670355,0.002902547961983318,0.0006617900174352141,0.001975546957052494,0.0014322187663862202,0.0017722111196819936,0.0012037928363811579,0.003026939670724667
img_00950.jpg,0.9875600874285981,0.0034346785473767906,0.0009627691877977641,0.0019516382652867024,0.0019632465975342787,0.0012484791374382574,0.0009565129880787855,0.001922587847889187
img_00959.jpg,0.02037422502741393,0.9632991853633003,0.003725533961869093,0.0006287111366418809,0.0008216459788453013,0.007143153777607192,0.0009916057260707912,0.0030159390282515275
img_00962.jpg,0.10961139962725765,0.4145314234034037,0.017378615315175323,0.007312151493552964,0.00533321474204138,0.008516358295835342,0.004900793527192249,0.4324160435955413
img_00964.jpg,0.0142389376453827,3.4680760347557336e-05,0.0024446302349495318,0.976148497328142,0.0002675971959657873,0.003936385157938537,0.0006197937114449635,0.0023094779658287584
img_00966.jpg,0.4829852808806917,0.19686479133004184,0.026539628137474836,0.02720637245296794,0.020095301710703093,0.15805870743649378,0.026599902639401322,0.06165001541222547
img_00974.jpg,0.016884824031896464,0.9628921536453892,0.007424885112907331,0.0006731638064803245,0.0015808499589180216,0.005765936498176128,0.0009883870397135292,0.0037897999065191253
img_00979.jpg,0.02191490163456106,0.0026290295084871393,0.02288886604893682,0.0025916675731852716,0.0006227679573598005,0.0003032289013704104,0.0013705070197943992,0.947679031356305
img_00982.jpg,0.700733244971846,0.26669470682768903,0.0018811280168173831,0.003869194398709961,0.0037669429863792085,0.017368508917426355,0.001393564329029619,0.004292709552102606
img_00985.jpg,0.033164310773062186,0.9557394525504929,0.0030712188770338025,0.00038197228785116435,0.0005005352774907815,0.005324418750480131,0.0006024094610692114,0.0012156820225199111
img_00999.jpg,0.021345914400821814,0.9683735924183925,0.002647375836325009,0.0004118488789894501,0.0008088120054542523,0.0026387664984842633,0.0007137454942531546,0.0030599444672795846
img_01022.jpg,0.01925795124479089,0.9612869214313197,0.0034841559540735667,0.000653163386704775,0.0013716526427749092,0.011436000451161242,0.000999975801606667,0.0015101790875682332
img_01031.jpg,0.08014937055259366,0.8846186738853001,0.006155500245675472,0.0022084135373719484,0.0034969829616957725,0.007033641303000826,0.001897220256276958,0.014440197258085126
img_01035.jpg,0.007524128409661078,0.005334690989629322,0.0005078386959363696,0.0013192806551101878,0.00018741389779628758,0.9840632380592664,0.0010363673434471152,2.704194915299948e-05
img_01043.jpg,0.5786337175133834,0.3475980975416182,0.004159203153712163,0.00969111331741824,0.003566312285827118,0.044767652067811435,0.0033007841642012574,0.008283119956028276
img_01058.jpg,0.10456417978104317,0.8798482550568899,0.0029428350344403607,0.0008368391159089645,0.001058587869414707,0.002890083919462176,0.0009444466741204887,0.006914772548720178
img_01059.jpg,0.006045113962919729,0.0008052011672962068,0.0025128402918826935,0.0017746968120119137,0.0003549882874553017,0.00018133370383166222,0.0012827773287931716,0.9870430484458095
img_01090.jpg,0.9961686512385222,0.0011874384412392555,0.00023693377481932368,0.0004924478701877683,0.0006733323851404235,0.0003974563534735505,0.00036152628583321596,0.00048221365078417985
img_01102.jpg,0.0804704883055652,0.06002433465290023,0.11764573911814726,0.018433628761451347,0.07367520760506549,0.013760622343835717,0.008180594075190525,0.6278093851378442
img_01103.jpg,0.044301175590216145,0.0655767486986581,0.012344841701510869,0.02438355182393032,0.018795642807072764,0.018247712406909342,0.06154493333806114,0.7548053936336413
img_01116.jpg,0.11706805316825787,0.4302400263921271,0.00445328221041167,0.003061319721701374,0.003241517156329987,0.4382715160441824,0.0014409398739100643,0.0022233454330794823
img_01134.jpg,0.021082663166941757,0.9044076003490484,0.022678024471317348,0.0039152818839297485,0.00505458908383871,0.02354512738025818,0.004150878182339176,0.015165835482326705
img_01142.jpg,0.9982095263905463,0.0006527169922208466,9.886217765161776e-05,0.00017106812018355513,0.00025978692898292127,0.00022781463631601495,0.00016069060266598773,0.00021953415143283555
img_01168.jpg,0.12932158291155524,0.013982790469696877,0.00420312931114706,0.016251547226442394,0.008664210823123195,0.36916338146848354,0.45078078426822876,0.007632573521322861
img_01171.jpg,0.9970890580827689,0.0007843029798248514,0.00019949016073247223,0.0003281373417183789,0.00048485381441378694,0.00030627970015171055,0.0003162076663750709,0.0004916702540146922
img_01177.jpg,0.9430194796986684,0.025449399021844947,0.003581773457118804,0.003912385813227272,0.008113779075937827,0.0060730607095389405,0.0039017142076187873,0.005948408016044929
img_01179.jpg,0.03978565106960885,0.9439292620267151,0.0030061124741185743,0.0006777125275106163,0.0014165157111046594,0.008363729800729861,0.0008633256535483505,0.0019576907366640746
img_01188.jpg,0.0155853201512693,0.010947768283543269,0.002269068516450457,0.00470764692163106,0.0012637298807611657,0.9581493736214584,0.006609061289029042,0.0004680313358574724
img_01198.jpg,0.4221069728163011,0.39634913133099364,0.013099316134029624,0.012245367483244564,0.08593505261275423,0.042724687887293195,0.015768404452235853,0.011771067283147814
img_01204.jpg,0.9982405816178157,0.00036177553209200126,0.00012202595956679204,0.0002787954048161779,0.00029735408951333744,0.00017284389798587788,0.00021466546091974652,0.00031195803729037086
img_01208.jpg,0.9876099110526103,0.003339884617659697,0.0009885290559807467,0.001769088483209099,0.0022172502123586632,0.001310958952520137,0.0010761647948325387,0.0016882128308288306
img_01211.jpg,0.05555306818742783,0.7675301415191212,0.1574664594665348,0.0015250239130832107,0.0015707887645070647,0.00770736222744905,0.0007683165867494042,0.007878839335127575
img_01213.jpg,0.014676184105312639,0.9760488473061755,0.0025910005996071348,0.0002631730178226151,0.000709377471030142,0.0035954320569011053,0.0004663305150636082,0.0016496549280873686
img_01222.jpg,0.012954892301970012,0.9240119387362239,0.030359701039885174,0.0012553958986721966,0.0039822196231271536,0.016244612245082952,0.0029723127007321225,0.008218927454306293
img_01224.jpg,0.0352299006177346,0.027376475383900943,0.011476571146731406,0.0017941140894300474,0.0012412179612764892,0.000599593904976347,0.0014353904187207709,0.9208467364772293
img_01237.jpg,0.9880382998107524,0.003778366696737221,0.0007098389843652815,0.001033476592699972,0.001156989213209179,0.001652823097157866,0.0007216267577115594,0.002908578847366473
img_01249.jpg,0.9536049198615323,0.02417772734941029,0.0013122668800894198,0.0025153173609274372,0.0034555168857148093,0.008125745060916185,0.0027284001838377846,0.0040801064175716405
img_01253.jpg,0.00868011775780898,0.00044033353218106864,0.0008094807457358711,0.0008685508532942293,0.00020841491746848104,4.230266594187882e-05,0.0010071595027953601,0.9879436400247742
img_01286.jpg,0.1040132432651793,0.06856680549695172,0.015400747719216526,0.001314096156067329,0.0014998749846171756,0.0010005042402402907,0.0011131029864871083,0.8070916251512406
img_01289.jpg,0.008022339024912893,0.0006188222790080969,0.001948067879119778,0.0017143652330067526,0.00031846252435332615,0.00016804424461672166,0.0012401841878266475,0.9859697146271561
img_01325.jpg,0.99225720164697,0.002192472254066659,0.000531469589155978,0.0011263482582596852,0.0012443953926606994,0.0008606856453757858,0.0007755769619950798,0.001011850251516099
img_01328.jpg,0.01779290342249912,0.9695104917111161,0.002822496434933709,0.00040164934343320377,0.0011586413188029087,0.00622148694745745,0.0006908680259721282,0.001401462795785293
img_01366.jpg,0.3364463076339649,0.016490248936032077,0.00692032913801121,0.01787026188996732,0.005784721472086159,0.5963205556201621,0.005232738244408541,0.014934837065367764
img_01371.jpg,0.05151196417352708,0.9328550555270193,0.0037731678128439528,0.0007118406196841776,0.0012506626436766604,0.00527425361181457,0.0010235407403149776,0.00359951487111943
img_01373.jpg,0.9670581062584348,0.028807013629955473,0.00017408820950415725,0.00042672952202280697,0.00042373145006165515,0.001733848567537868,0.00023788727839554153,0.0011385950840878758
img_01377.jpg,0.425434623331183,0.28624644749840716,0.0569026143252667,0.0323663537127644,0.01821287310991026,0.06302328096062192,0.011031745433007169,0.10678206162883935
img_01379.jpg,0.024567008035231604,0.8839706879286945,0.06275579131340787,0.0017652101670732245,0.003705627681615022,0.011978517057425886,0.00145147199225379,0.00980568582429809
img_01384.jpg,0.0363623308666979,0.10771937694314071,0.006415511460556978,0.020481865654413216,0.0018644864552735637,0.814394492449595,0.006142935237572126,0.006619000932750393
img_01388.jpg,0.014919933959902362,0.977162554057031,0.004440279406573701,0.00011354064165033509,0.0002343992532514033,0.002269047555070264,0.00017310008031438178,0.0006871450462064281
img_01392.jpg,0.01660939569685322,2.0841003142397745e-05,0.0011876834721477078,0.9768361093304236,0.00020256577942572075,0.002531264658735438,0.0007167830558411588,0.0018953570034306922
img_01399.jpg,0.005980985715082066,0.03321786177093134,0.9395132306358904,0.0029319383771770164,0.001150448300517172,0.005702787336219066,0.0014853212342215406,0.01001742662996141
img_01404.jpg,0.004716222929613078,0.9879346824186964,0.0027827601653105417,0.00016103237226842924,0.00029597802003498606,0.002790477692412137,0.00029357024524813907,0.0010252761564165
img_01405.jpg,0.034164139538535074,0.951466110295748,0.001104959956337469,0.0004807973840545453,0.0008687334198226353,0.01026454557482981,0.0005315981549706248,0.00111911567570186
img_01413.jpg,0.030283991279710466,0.9624051386405458,0.0014734398376875495,0.00022469714825758386,0.0005072103253393581,0.0034921316061761634,0.00043618123742098105,0.001177209924862316
img_01426.jpg,0.029561102693801647,0.008204509197112402,0.017876431854144167,0.02015314330242198,0.00327317059042016,0.11211858179549013,0.7903352622673798,0.018477798299229638
img_01431.jpg,0.032843885863183826,0.002809243522844802,0.009754978786887317,0.00154148476841713,0.9375476614896636,0.01069428188445786,0.002249303153014689,0.0025591605315307925
img_01441.jpg,0.019060512465167538,0.0008737932768504002,0.0013126112831388433,0.0013890076068828108,0.0003334056723529516,9.30552640720053e-05,0.0015815698868886772,0.9753560445446469
img_01444.jpg,0.02026981527380595,0.035320829856312345,0.023934639637872297,0.009742130454634295,0.003617554511911433,0.0034910576629289835,0.009311711208108083,0.8943122613944269
img_01490.jpg,0.010493785589237312,0.0036527213606042204,0.0011577456441888515,0.0017180608267156757,0.0006595811928557436,0.00029148791234305575,0.0008861856706816591,0.9811404318033736
img_01495.jpg,0.03849250961531587,0.35453098731974675,0.492811697397334,0.010357740650319738,0.001641748769097749,0.015050260217507161,0.0045925809150879175,0.08252247511559099
img_01505.jpg,0.9977462296782816,0.0005578647804873295,0.00017405415544842175,0.00027738094952694696,0.00038864483715411984,0.0001847618009578422,0.00023393798814404216,0.000437125809999603
img_01511.jpg,0.031255007161710584,0.3956939973868241,0.025342384641446992,0.3699327287118933,0.003882451390831585,0.13167459301418497,0.008163802562985998,0.03405503513012255
img_01519.jpg,0.02562482336888222,0.8241436058131998,0.039072853992552586,0.01010080067840677,0.006313042776203828,0.052229016661861076,0.00919896757500781,0.03331688913388589
img_01530.jpg,0.11355010755345289,0.06433831071437261,0.7770811662146728,0.00677872039889155,0.006842192070959012,0.005172267006404121,0.0013636501124583208,0.024873585928788758
img_01537.jpg,0.22691641611340804,0.0999248095982053,0.044696132054419975,0.016978628892494303,0.002456076873404003,0.5905401970122851,0.006750975692217082,0.011736763763566077
img_01538.jpg,0.005757126882556038,0.9850044541695155,0.004518258391235071,0.00015746840144732245,0.0002753795774679508,0.003340630021968002,0.00023773708826367425,0.0007089454675461709
img_01541.jpg,0.9990421642550972,0.0003835201994218985,3.31931363456455e-05,0.00011832584655499549,0.00011096376058747357,0.00011891568086711164,7.329760634787233e-05,0.0001196195147779528
img_01543.jpg,0.03199445339009232,0.9475524132783955,0.003656018549274935,0.0007450809069761323,0.0010446655985461427,0.0028556518443746772,0.0010659018456434493,0.011085814586696786
img_01548.jpg,0.020296643340855017,0.96998595849642,0.001730348940079458,0.00039047543392399915,0.0006114585219269007,0.003650597265011023,0.0007264307348336749,0.00260808726695002
img_01552.jpg,0.043620427158960015,0.7750480257122468,0.02494648546791199,0.005266273673245241,0.004625924776036817,0.13548545924087826,0.006486266062898381,0.0045211379078224576
img_01561.jpg,0.9958201271548418,0.002102160169355189,0.00019062201183786163,0.0003916034896830969,0.00047055290181741236,0.0003794539704035807,0.000220151380306733,0.00042532892175410836
img_01562.jpg,0.02035467848417673,0.9531648367161731,0.007643640037169766,0.0011894583737338577,0.0017486690669904585,0.007984629504019788,0.0017327012092962723,0.0061813866084400445
img_01571.jpg,0.011568394534236567,0.9367626352242356,0.03716406779569394,0.0005765562889225152,0.0011221993221025828,0.004867188378618593,0.001496273629745331,0.0064426848264448
img_01593.jpg,0.02291677141602826,0.9124401314807511,0.015915900523923117,0.0024350966436234196,0.004659388041898406,0.00846211087830135,0.003564586382023354,0.029606014633451215
img_01595.jpg,0.643106835741993,0.00721412715075967,0.013423820856918432,0.02704861172968244,0.017134281661566053,0.0035797168656006902,0.0065959125858921636,0.2818966934075875
img_01616.jpg,0.016227558915245445,0.967290720248351,0.009658167325263353,0.00023550722801953956,0.0006538031814677719,0.0016660306451908675,0.0002936807707471243,0.003974531685714716
img_01618.jpg,0.025071963422531787,0.9523142195748907,0.004503760013223033,0.000825646424672058,0.002954439388147084,0.009800806796411266,0.0011801516476733298,0.0033490127324508337
img_01627.jpg,0.01149487275949046,0.9679104782369558,0.014832851566828795,0.0002259596671177826,0.00021086859825169546,0.004406958037280391,0.00025989772422489233,0.0006581134098501057
img_01632.jpg,0.8722783786469407,0.09562814606815447,0.0033056145457144963,0.0026033075706847985,0.0056122684964369255,0.01136809636842918,0.002979724043752055,0.006224464259887317
img_01633.jpg,0.03331084150380178,0.9562639276719062,0.0017985537792775577,0.0005015964489237843,0.0007506767528151462,0.0035661222960084557,0.0007170508392792345,0.0030912307079878592
img_01640.jpg,0.021306850219064526,0.8613780161375295,0.004772184804691761,0.001000874867239101,0.0010126940958358167,0.001749980483485314,0.0008011188557469765,0.10797828053640696
img_01646.jpg,0.00476718753002154,0.9856045005993999,0.005048012673511957,0.00016546429111981991,0.00035484515773076796,0.002697123930038319,0.0003112000336647543,0.0010516657845130615
img_01647.jpg,0.9963101984728784,0.0010518024487159098,0.0002532124576377983,0.000274862149387296,0.0010198401425208113,0.0004518705867036005,0.00031242169103194267,0.0003257920511242364
img_01649.jpg,0.18708662860829628,0.7829085835616086,0.002125311228999203,0.00192399048506597,0.002654147191634764,0.014642973334381353,0.0012292348413252224,0.007429130748688592
img_01657.jpg,0.024521523880066762,3.937846213121573e-05,0.002990486274283105,0.9575709550254103,0.0003257935078283824,0.003840184673135311,0.001244085678596312,0.00946759249854851
img_01669.jpg,0.03340050591538218,0.00428828424760236,0.011483203969162449,0.0016972693222779066,0.9304030649316851,0.013066940547049351,0.002534135004275755,0.0031265960625648155
img_01673.jpg,0.042699587886634555,0.9228835052260402,0.0018344392123280369,0.001082766231453986,0.0014070445460484236,0.009550190174506312,0.003325093585733911,0.01721737313725473
img_01681.jpg,0.02749036523452734,0.0199556798672331,0.01992984797848545,0.00978144797820195,0.0014706387634660398,0.0028622174126993276,0.003344554633208584,0.9151652481321783
img_01684.jpg,0.015095299739004635,0.9807423934482138,0.0015969181430474987,0.00012349762613724784,0.00021872563302433677,0.0015093054518915902,0.00011322970669046118,0.0006006302519902726
img_01685.jpg,0.9851324269514418,0.005721498982112325,0.0006810650231754645,0.0012850428927000505,0.0018272242639636135,0.0029500971736999984,0.0010003372293985922,0.0014023074835082562
img_01687.jpg,0.02679915106843273,0.9463279513508256,0.00636442150097127,0.0008549551089118506,0.0012097480269079525,0.003696436621890214,0.0014260189185959582,0.013321317403464138
